8.287801146507263184e-01
7.516905665397644043e-01
6.724371314048767090e-01
6.518799066543579102e-01
6.283473372459411621e-01
6.072491407394409180e-01
5.958885550498962402e-01
5.769543051719665527e-01
5.580199956893920898e-01
5.501758456230163574e-01
5.361103415489196777e-01
5.269137024879455566e-01
5.136597156524658203e-01
5.074384808540344238e-01
4.963483810424804688e-01
4.903976321220397949e-01
4.847173392772674561e-01
4.782255887985229492e-01
4.741682410240173340e-01
4.706518650054931641e-01
4.647011160850524902e-01
4.549634754657745361e-01
4.498241841793060303e-01
4.457668364048004150e-01
4.419799745082855225e-01
4.357587099075317383e-01
4.317013919353485107e-01
4.265620708465576172e-01
4.249391257762908936e-01
4.200703203678131104e-01
4.173654317855834961e-01
4.135785698890686035e-01
4.114146530628204346e-01
4.089802503585815430e-01
4.065458476543426514e-01
4.051933884620666504e-01
4.041114449501037598e-01
4.024884998798370361e-01
4.008655548095703125e-01
3.959967494010925293e-01
3.946443200111389160e-01
3.927508890628814697e-01
3.889640271663665771e-01
3.873410820960998535e-01
3.849066793918609619e-01
3.835542201995849609e-01
3.813903033733367920e-01
3.786854147911071777e-01
3.767919838428497314e-01
3.746280670166015625e-01
3.735461235046386719e-01
3.721936643123626709e-01
3.686773180961608887e-01
3.678658306598663330e-01
3.662428855895996094e-01
3.643494844436645508e-01
3.629970252513885498e-01
3.624560534954071045e-01
3.608331084251403809e-01
3.592101633548736572e-01
3.559643030166625977e-01
3.548823297023773193e-01
3.510954976081848145e-01
3.500135242938995361e-01
3.478496074676513672e-01
3.259399533271789551e-01
3.240465223789215088e-01
3.216121196746826172e-01
3.194482028484344482e-01
3.048417568206787109e-01
3.032188117504119873e-01
2.975385487079620361e-01
2.964565753936767578e-01
2.951041460037231445e-01
2.942926585674285889e-01
2.923992574214935303e-01
2.910467982292175293e-01
2.886123955249786377e-01
2.869894504547119141e-01
2.853665053844451904e-01
2.845550477504730225e-01
2.832025885581970215e-01
2.818501591682434082e-01
2.802272140979766846e-01
2.794157564640045166e-01
2.740059494972229004e-01
2.729240059852600098e-01
2.713010609149932861e-01
2.702190876007080078e-01
2.691371440887451172e-01
2.680551707744598389e-01
2.669732272624969482e-01
2.658912539482116699e-01
2.648093104362487793e-01
2.637273371219635010e-01
2.621044218540191650e-01
2.612929344177246094e-01
2.602109909057617188e-01
2.548011839389801025e-01
2.531782388687133789e-01
2.520962953567504883e-01
2.504733502864837646e-01
2.493913918733596802e-01
2.483094334602355957e-01
2.474979758262634277e-01
2.458750307559967041e-01
2.453340590000152588e-01
2.439815998077392578e-01
2.431701421737670898e-01
2.420881837606430054e-01
2.412767112255096436e-01
2.399242669343948364e-01
2.364078909158706665e-01
2.355964332818984985e-01
2.342439889907836914e-01
2.328915297985076904e-01
2.320800721645355225e-01
2.312685996294021606e-01
2.293751686811447144e-01
2.282932102680206299e-01
2.274817377328872681e-01
2.263997793197631836e-01
2.253178209066390991e-01
2.239653766155242920e-01
2.231539040803909302e-01
2.220719456672668457e-01
2.196375429630279541e-01
2.185555845499038696e-01
2.174736261367797852e-01
2.166621536016464233e-01
2.155801951885223389e-01
2.144982367753982544e-01
2.134162783622741699e-01
2.126048207283020020e-01
2.098999172449111938e-01
2.085474729537963867e-01
2.074655145406723022e-01
2.063835561275482178e-01
2.055720835924148560e-01
2.044901251792907715e-01
2.044901251792907715e-01
2.036786526441574097e-01
2.025966942310333252e-01
2.017852365970611572e-01
1.998918056488037109e-01
1.990803331136703491e-01
1.979983747005462646e-01
1.971869021654129028e-01
1.961049437522888184e-01
1.947524994611740112e-01
1.934000551700592041e-01
1.923180967569351196e-01
1.912361383438110352e-01
1.909656524658203125e-01
1.898836940526962280e-01
1.888017356395721436e-01
1.879902631044387817e-01
1.866378188133239746e-01
1.850148737430572510e-01
1.842034012079238892e-01
1.836624294519424438e-01
1.825804710388183594e-01
1.820394843816757202e-01
1.809575259685516357e-01
1.798755675554275513e-01
1.782526373863220215e-01
1.774411648511886597e-01
1.763592064380645752e-01
1.750067621469497681e-01
1.747362762689590454e-01
1.736543178558349609e-01
1.728428453207015991e-01
1.714904010295867920e-01
1.704084426164627075e-01
1.690559983253479004e-01
1.682445257902145386e-01
1.671625673770904541e-01
1.666215807199478149e-01
1.655396223068237305e-01
1.644576638936996460e-01
1.639166921377182007e-01
1.628347337245941162e-01
1.606708168983459473e-01
1.601298302412033081e-01
1.585069000720977783e-01
1.579659134149551392e-01
1.566134691238403320e-01
1.560724973678588867e-01
1.549905389547348022e-01
1.541790664196014404e-01
1.530971080064773560e-01
1.525561213493347168e-01
1.517446637153625488e-01
1.506627053022384644e-01
1.501217186450958252e-01
1.490397602319717407e-01
1.484987884759902954e-01
1.474168300628662109e-01
1.460643708705902100e-01
1.452529132366180420e-01
1.444414407014846802e-01
1.420070379972457886e-01
1.414660513401031494e-01
1.411955654621124268e-01
1.403840929269790649e-01
1.395726203918457031e-01
1.387611627578735352e-01
1.382201761007308960e-01
1.374087035655975342e-01
1.363267451524734497e-01
1.344333291053771973e-01
1.336218565702438354e-01
1.330808699131011963e-01
1.322694122791290283e-01
1.314579397439956665e-01
1.309169530868530273e-01
1.303759813308715820e-01
1.290235370397567749e-01
1.282120645046234131e-01
1.279415786266326904e-01
1.276710778474807739e-01
1.271301060914993286e-01
1.268596202135086060e-01
1.249661892652511597e-01
1.244252100586891174e-01
1.230727583169937134e-01
1.219907999038696289e-01
1.214498206973075867e-01
1.206383556127548218e-01
1.198268830776214600e-01
1.192859038710594177e-01
1.187449246644973755e-01
1.171219944953918457e-01
1.168515011668205261e-01
1.160400360822677612e-01
1.152285635471343994e-01
1.144170984625816345e-01
1.136056259274482727e-01
1.130646467208862305e-01
1.125236675143241882e-01
1.119826883077621460e-01
1.111712232232093811e-01
1.109007298946380615e-01
1.103597506880760193e-01
1.092777922749519348e-01
1.081958338618278503e-01
1.076548546552658081e-01
1.071138754487037659e-01
1.068433895707130432e-01
1.057614311575889587e-01
1.052204519510269165e-01
1.038680002093315125e-01
1.030565351247787476e-01
1.022450625896453857e-01
1.017040833830833435e-01
1.011631041765213013e-01
1.003516390919685364e-01
1.000811457633972168e-01
9.954016655683517456e-02
9.926968067884445190e-02
9.899918735027313232e-02
9.845820814371109009e-02
9.791722893714904785e-02
9.656478464603424072e-02
9.602380543947219849e-02
9.521233290433883667e-02
9.494184702634811401e-02
9.385988861322402954e-02
9.304841607809066772e-02
9.250743687152862549e-02
9.196645766496658325e-02
9.142547845840454102e-02
9.115499258041381836e-02
9.034352004528045654e-02
8.980254083871841431e-02
8.953205496072769165e-02
8.899107575416564941e-02
8.845009654760360718e-02
8.790911734104156494e-02
8.736813813447952271e-02
8.682715892791748047e-02
8.655666559934616089e-02
8.628617972135543823e-02
8.547470718622207642e-02
8.520422130823135376e-02
8.520422130823135376e-02
8.439274877309799194e-02
8.358128368854522705e-02
8.304030448198318481e-02
8.249932527542114258e-02
8.195834606885910034e-02
8.141736686229705811e-02
8.060589432716369629e-02
8.033540844917297363e-02
7.979442924261093140e-02
7.952393591403961182e-02
7.871247082948684692e-02
7.817149162292480469e-02
7.763051241636276245e-02
7.736001908779144287e-02
7.681903988122940063e-02
7.627806067466735840e-02
7.600757479667663574e-02
7.573708146810531616e-02
7.438463717699050903e-02
7.384365797042846680e-02
7.276169955730438232e-02
7.222072035074234009e-02
7.222072035074234009e-02
7.195022702217102051e-02
7.086826860904693604e-02
7.086826860904693604e-02
7.032728940248489380e-02
7.005680352449417114e-02
6.978631019592285156e-02
6.951582431793212891e-02
6.951582431793212891e-02
6.924533098936080933e-02
6.897484511137008667e-02
6.870435178279876709e-02
6.789288669824600220e-02
6.654043495655059814e-02
6.572896987199783325e-02
6.545847654342651367e-02
6.491749733686447144e-02
6.464701145887374878e-02
6.410603225231170654e-02
6.356505304574966431e-02
6.275358051061630249e-02
6.248309463262557983e-02
6.194211542606353760e-02
6.140113621950149536e-02
6.113064661622047424e-02
6.113064661622047424e-02
6.058966740965843201e-02
6.058966740965843201e-02
6.031917780637741089e-02
6.031917780637741089e-02
6.004868820309638977e-02
5.950770899653434753e-02
5.896672978997230530e-02
5.842575058341026306e-02
5.842575058341026306e-02
5.842575058341026306e-02
5.815526098012924194e-02
5.815526098012924194e-02
5.815526098012924194e-02
5.788477137684822083e-02
5.788477137684822083e-02
5.734379217028617859e-02
5.734379217028617859e-02
5.707330256700515747e-02
5.653232336044311523e-02
5.626183375716209412e-02
5.545036494731903076e-02
5.463889613747596741e-02
5.409791693091392517e-02
5.382742732763290405e-02
5.382742732763290405e-02
5.355693772435188293e-02
5.274546891450881958e-02
5.193400010466575623e-02
5.166351050138473511e-02
5.112253129482269287e-02
5.031106248497962952e-02
4.977008327841758728e-02
4.949959367513656616e-02
4.922910407185554504e-02
4.922910407185554504e-02
4.868812486529350281e-02
4.868812486529350281e-02
4.814714565873146057e-02
4.814714565873146057e-02
4.787665605545043945e-02
4.787665605545043945e-02
4.733567684888839722e-02
4.706518724560737610e-02
4.679469764232635498e-02
4.625371843576431274e-02
4.598322883248329163e-02
4.598322883248329163e-02
4.571273922920227051e-02
4.544224962592124939e-02
4.490127041935920715e-02
4.490127041935920715e-02
4.490127041935920715e-02
4.463078081607818604e-02
4.436029121279716492e-02
4.436029121279716492e-02
4.436029121279716492e-02
4.408980160951614380e-02
4.381931200623512268e-02
4.327833279967308044e-02
4.300784319639205933e-02
4.300784319639205933e-02
4.246686398983001709e-02
4.219637438654899597e-02
4.165539517998695374e-02
4.111441597342491150e-02
4.084392637014389038e-02
4.030294716358184814e-02
4.030294716358184814e-02
4.030294716358184814e-02
4.030294716358184814e-02
4.030294716358184814e-02
4.030294716358184814e-02
4.030294716358184814e-02
4.003245756030082703e-02
3.976196795701980591e-02
3.949147835373878479e-02
3.895049914717674255e-02
3.895049914717674255e-02
3.840951994061470032e-02
3.813903033733367920e-02
3.813903033733367920e-02
3.813903033733367920e-02
3.786854073405265808e-02
3.759805113077163696e-02
3.759805113077163696e-02
3.705707192420959473e-02
3.705707192420959473e-02
3.651609271764755249e-02
3.624560311436653137e-02
3.597511351108551025e-02
3.543413430452346802e-02
3.516364470124244690e-02
3.516364470124244690e-02
3.489315509796142578e-02
3.462266549468040466e-02
3.435217589139938354e-02
3.435217589139938354e-02
3.435217589139938354e-02
3.408168628811836243e-02
3.381119668483734131e-02
3.354070708155632019e-02
3.354070708155632019e-02
3.327021747827529907e-02
3.299972787499427795e-02
3.299972787499427795e-02
3.299972787499427795e-02
3.299972787499427795e-02
3.272923827171325684e-02
3.272923827171325684e-02
3.272923827171325684e-02
3.272923827171325684e-02
3.245874866843223572e-02
3.245874866843223572e-02
3.164727985858917236e-02
3.137679025530815125e-02
3.083581291139125824e-02
3.083581291139125824e-02
3.056532330811023712e-02
3.056532330811023712e-02
3.002434410154819489e-02
2.921287529170513153e-02
2.894238568842411041e-02
2.840140648186206818e-02
2.840140648186206818e-02
2.813091687858104706e-02
2.786042727530002594e-02
2.731944806873798370e-02
2.731944806873798370e-02
2.731944806873798370e-02
2.731944806873798370e-02
2.731944806873798370e-02
2.704895846545696259e-02
2.677846886217594147e-02
2.650797925889492035e-02
2.596700005233287811e-02
2.569651044905185699e-02
2.569651044905185699e-02
2.569651044905185699e-02
2.542602084577083588e-02
2.515553124248981476e-02
2.488504163920879364e-02
2.461455203592777252e-02
2.434406243264675140e-02
2.407357282936573029e-02
2.407357282936573029e-02
2.380308322608470917e-02
2.380308322608470917e-02
2.380308322608470917e-02
2.380308322608470917e-02
2.353259362280368805e-02
2.326210401952266693e-02
2.299161441624164581e-02
2.299161441624164581e-02
2.299161441624164581e-02
2.299161441624164581e-02
2.245063520967960358e-02
2.218014560639858246e-02
2.218014560639858246e-02
2.190965600311756134e-02
2.136867679655551910e-02
2.109818719327449799e-02
2.109818719327449799e-02
2.109818719327449799e-02
2.109818719327449799e-02
2.082769758999347687e-02
2.082769758999347687e-02
2.082769758999347687e-02
2.055720798671245575e-02
2.001622878015041351e-02
1.947524957358837128e-02
1.947524957358837128e-02
1.947524957358837128e-02
1.947524957358837128e-02
1.947524957358837128e-02
1.947524957358837128e-02
1.893427036702632904e-02
1.866378076374530792e-02
1.866378076374530792e-02
1.866378076374530792e-02
1.866378076374530792e-02
1.812280155718326569e-02
1.785231195390224457e-02
1.785231195390224457e-02
1.785231195390224457e-02
1.785231195390224457e-02
1.785231195390224457e-02
1.785231195390224457e-02
1.785231195390224457e-02
1.785231195390224457e-02
1.758182235062122345e-02
1.758182235062122345e-02
1.758182235062122345e-02
1.731133274734020233e-02
1.731133274734020233e-02
1.704084314405918121e-02
1.677035354077816010e-02
1.677035354077816010e-02
1.677035354077816010e-02
1.622937433421611786e-02
1.622937433421611786e-02
1.622937433421611786e-02
1.622937433421611786e-02
1.622937433421611786e-02
1.622937433421611786e-02
1.622937433421611786e-02
1.568839512765407562e-02
1.541790645569562912e-02
1.541790645569562912e-02
1.541790645569562912e-02
1.514741685241460800e-02
1.514741685241460800e-02
1.487692724913358688e-02
1.487692724913358688e-02
1.460643764585256577e-02
1.433594804257154465e-02
1.406545843929052353e-02
1.406545843929052353e-02
1.406545843929052353e-02
1.379496883600950241e-02
1.379496883600950241e-02
1.379496883600950241e-02
1.379496883600950241e-02
1.379496883600950241e-02
1.379496883600950241e-02
1.379496883600950241e-02
1.379496883600950241e-02
1.379496883600950241e-02
1.352447923272848129e-02
1.352447923272848129e-02
1.352447923272848129e-02
1.352447923272848129e-02
1.325398962944746017e-02
1.325398962944746017e-02
1.298350002616643906e-02
1.298350002616643906e-02
1.298350002616643906e-02
1.271301042288541794e-02
1.244252081960439682e-02
1.244252081960439682e-02
1.244252081960439682e-02
1.244252081960439682e-02
1.244252081960439682e-02
1.244252081960439682e-02
1.244252081960439682e-02
1.244252081960439682e-02
1.244252081960439682e-02
1.244252081960439682e-02
1.217203121632337570e-02
1.217203121632337570e-02
1.217203121632337570e-02
1.190154161304235458e-02
1.190154161304235458e-02
1.163105200976133347e-02
1.163105200976133347e-02
1.163105200976133347e-02
1.163105200976133347e-02
1.163105200976133347e-02
1.163105200976133347e-02
1.163105200976133347e-02
1.136056240648031235e-02
1.136056240648031235e-02
1.136056240648031235e-02
1.136056240648031235e-02
1.109007280319929123e-02
1.109007280319929123e-02
1.109007280319929123e-02
1.109007280319929123e-02
1.109007280319929123e-02
1.109007280319929123e-02
1.109007280319929123e-02
1.109007280319929123e-02
1.109007280319929123e-02
1.109007280319929123e-02
1.109007280319929123e-02
1.109007280319929123e-02
1.109007280319929123e-02
1.109007280319929123e-02
1.109007280319929123e-02
1.109007280319929123e-02
1.109007280319929123e-02
1.081958319991827011e-02
1.081958319991827011e-02
1.081958319991827011e-02
1.081958319991827011e-02
1.081958319991827011e-02
1.081958319991827011e-02
1.054909359663724899e-02
1.054909359663724899e-02
1.027860399335622787e-02
1.027860399335622787e-02
1.000811439007520676e-02
1.000811439007520676e-02
1.000811439007520676e-02
1.000811439007520676e-02
1.000811439007520676e-02
9.737624786794185638e-03
9.737624786794185638e-03
9.737624786794185638e-03
9.737624786794185638e-03
9.737624786794185638e-03
9.737624786794185638e-03
9.737624786794185638e-03
9.737624786794185638e-03
9.737624786794185638e-03
9.737624786794185638e-03
9.737624786794185638e-03
9.737624786794185638e-03
9.467135183513164520e-03
9.467135183513164520e-03
9.467135183513164520e-03
9.196645580232143402e-03
9.196645580232143402e-03
8.926155976951122284e-03
8.926155976951122284e-03
8.926155976951122284e-03
8.926155976951122284e-03
8.926155976951122284e-03
8.926155976951122284e-03
8.655666373670101166e-03
7.844197563827037811e-03
7.844197563827037811e-03
7.844197563827037811e-03
7.844197563827037811e-03
7.303218822926282883e-03
7.303218822926282883e-03
7.303218822926282883e-03
7.032729219645261765e-03
6.762239616364240646e-03
6.762239616364240646e-03
6.762239616364240646e-03
6.491750013083219528e-03
6.491750013083219528e-03
6.491750013083219528e-03
6.491750013083219528e-03
6.491750013083219528e-03
6.491750013083219528e-03
6.491750013083219528e-03
6.221260409802198410e-03
6.221260409802198410e-03
6.221260409802198410e-03
6.221260409802198410e-03
6.221260409802198410e-03
6.221260409802198410e-03
6.221260409802198410e-03
6.221260409802198410e-03
6.221260409802198410e-03
6.221260409802198410e-03
6.221260409802198410e-03
6.221260409802198410e-03
6.221260409802198410e-03
6.221260409802198410e-03
6.221260409802198410e-03
6.221260409802198410e-03
6.221260409802198410e-03
6.221260409802198410e-03
6.221260409802198410e-03
6.221260409802198410e-03
6.221260409802198410e-03
6.221260409802198410e-03
6.221260409802198410e-03
6.221260409802198410e-03
6.221260409802198410e-03
6.221260409802198410e-03
6.221260409802198410e-03
6.221260409802198410e-03
6.221260409802198410e-03
6.221260409802198410e-03
6.221260409802198410e-03
6.221260409802198410e-03
5.680281203240156174e-03
5.680281203240156174e-03
5.680281203240156174e-03
5.680281203240156174e-03
5.680281203240156174e-03
5.680281203240156174e-03
5.680281203240156174e-03
5.680281203240156174e-03
5.680281203240156174e-03
5.680281203240156174e-03
5.680281203240156174e-03
5.680281203240156174e-03
5.680281203240156174e-03
5.680281203240156174e-03
5.680281203240156174e-03
5.680281203240156174e-03
5.409791599959135056e-03
5.409791599959135056e-03
5.409791599959135056e-03
5.409791599959135056e-03
5.409791599959135056e-03
5.409791599959135056e-03
5.409791599959135056e-03
5.409791599959135056e-03
5.409791599959135056e-03
5.409791599959135056e-03
5.409791599959135056e-03
5.409791599959135056e-03
5.409791599959135056e-03
5.409791599959135056e-03
5.409791599959135056e-03
5.409791599959135056e-03
5.409791599959135056e-03
5.409791599959135056e-03
5.409791599959135056e-03
5.409791599959135056e-03
5.409791599959135056e-03
5.409791599959135056e-03
5.409791599959135056e-03
5.409791599959135056e-03
5.409791599959135056e-03
5.139301996678113937e-03
4.868812393397092819e-03
4.868812393397092819e-03
4.868812393397092819e-03
4.868812393397092819e-03
4.868812393397092819e-03
4.868812393397092819e-03
4.868812393397092819e-03
4.868812393397092819e-03
4.868812393397092819e-03
4.868812393397092819e-03
4.868812393397092819e-03
4.327833186835050583e-03
4.057343583554029465e-03
4.057343583554029465e-03
4.057343583554029465e-03
4.057343583554029465e-03
4.057343583554029465e-03
4.057343583554029465e-03
4.057343583554029465e-03
4.057343583554029465e-03
3.516364609822630882e-03
3.516364609822630882e-03
3.516364609822630882e-03
3.516364609822630882e-03
3.516364609822630882e-03
3.245875006541609764e-03
3.245875006541609764e-03
3.245875006541609764e-03
3.245875006541609764e-03
2.975385403260588646e-03
2.975385403260588646e-03
2.975385403260588646e-03
2.975385403260588646e-03
2.975385403260588646e-03
2.975385403260588646e-03
2.975385403260588646e-03
2.975385403260588646e-03
2.975385403260588646e-03
2.975385403260588646e-03
2.704895799979567528e-03
2.704895799979567528e-03
2.704895799979567528e-03
2.704895799979567528e-03
2.704895799979567528e-03
2.704895799979567528e-03
2.704895799979567528e-03
2.704895799979567528e-03
2.704895799979567528e-03
2.704895799979567528e-03
2.704895799979567528e-03
2.704895799979567528e-03
2.704895799979567528e-03
2.434406196698546410e-03
2.434406196698546410e-03
2.434406196698546410e-03
2.434406196698546410e-03
2.434406196698546410e-03
2.434406196698546410e-03
2.434406196698546410e-03
2.163916593417525291e-03
2.163916593417525291e-03
2.163916593417525291e-03
2.163916593417525291e-03
2.163916593417525291e-03
2.163916593417525291e-03
2.163916593417525291e-03
2.163916593417525291e-03
2.163916593417525291e-03
2.163916593417525291e-03
1.893427106551826000e-03
1.893427106551826000e-03
1.893427106551826000e-03
1.893427106551826000e-03
1.893427106551826000e-03
1.893427106551826000e-03
1.893427106551826000e-03
1.893427106551826000e-03
1.893427106551826000e-03
1.893427106551826000e-03
1.893427106551826000e-03
1.893427106551826000e-03
1.893427106551826000e-03
1.893427106551826000e-03
1.893427106551826000e-03
1.893427106551826000e-03
1.893427106551826000e-03
1.893427106551826000e-03
1.893427106551826000e-03
1.893427106551826000e-03
1.893427106551826000e-03
1.893427106551826000e-03
1.622937503270804882e-03
1.622937503270804882e-03
1.622937503270804882e-03
1.622937503270804882e-03
1.622937503270804882e-03
1.622937503270804882e-03
1.622937503270804882e-03
1.622937503270804882e-03
1.622937503270804882e-03
1.622937503270804882e-03
1.622937503270804882e-03
1.622937503270804882e-03
1.622937503270804882e-03
1.622937503270804882e-03
1.622937503270804882e-03
1.622937503270804882e-03
1.622937503270804882e-03
1.622937503270804882e-03
1.622937503270804882e-03
1.622937503270804882e-03
1.622937503270804882e-03
1.622937503270804882e-03
1.622937503270804882e-03
1.622937503270804882e-03
1.622937503270804882e-03
1.622937503270804882e-03
1.622937503270804882e-03
1.622937503270804882e-03
1.622937503270804882e-03
1.622937503270804882e-03
1.622937503270804882e-03
1.622937503270804882e-03
1.352447899989783764e-03
1.352447899989783764e-03
1.352447899989783764e-03
1.352447899989783764e-03
1.081958296708762646e-03
1.081958296708762646e-03
1.081958296708762646e-03
1.081958296708762646e-03
1.081958296708762646e-03
1.081958296708762646e-03
1.081958296708762646e-03
1.081958296708762646e-03
1.081958296708762646e-03
1.081958296708762646e-03
1.081958296708762646e-03
1.081958296708762646e-03
1.081958296708762646e-03
1.081958296708762646e-03
1.081958296708762646e-03
1.081958296708762646e-03
1.081958296708762646e-03
1.081958296708762646e-03
1.081958296708762646e-03
1.081958296708762646e-03
1.081958296708762646e-03
1.081958296708762646e-03
1.081958296708762646e-03
1.081958296708762646e-03
1.081958296708762646e-03
1.081958296708762646e-03
1.081958296708762646e-03
1.081958296708762646e-03
1.081958296708762646e-03
1.081958296708762646e-03
1.081958296708762646e-03
1.081958296708762646e-03
1.081958296708762646e-03
1.081958296708762646e-03
8.114687516354024410e-04
8.114687516354024410e-04
8.114687516354024410e-04
8.114687516354024410e-04
8.114687516354024410e-04
8.114687516354024410e-04
8.114687516354024410e-04
8.114687516354024410e-04
8.114687516354024410e-04
8.114687516354024410e-04
8.114687516354024410e-04
8.114687516354024410e-04
8.114687516354024410e-04
8.114687516354024410e-04
8.114687516354024410e-04
8.114687516354024410e-04
8.114687516354024410e-04
8.114687516354024410e-04
8.114687516354024410e-04
5.409791483543813229e-04
5.409791483543813229e-04
5.409791483543813229e-04
5.409791483543813229e-04
5.409791483543813229e-04
5.409791483543813229e-04
5.409791483543813229e-04
5.409791483543813229e-04
5.409791483543813229e-04
5.409791483543813229e-04
5.409791483543813229e-04
5.409791483543813229e-04
5.409791483543813229e-04
5.409791483543813229e-04
5.409791483543813229e-04
5.409791483543813229e-04
5.409791483543813229e-04
5.409791483543813229e-04
5.409791483543813229e-04
5.409791483543813229e-04
5.409791483543813229e-04
5.409791483543813229e-04
5.409791483543813229e-04
5.409791483543813229e-04
5.409791483543813229e-04
5.409791483543813229e-04
5.409791483543813229e-04
5.409791483543813229e-04
5.409791483543813229e-04
5.409791483543813229e-04
5.409791483543813229e-04
5.409791483543813229e-04
5.409791483543813229e-04
5.409791483543813229e-04
5.409791483543813229e-04
5.409791483543813229e-04
5.409791483543813229e-04
5.409791483543813229e-04
5.409791483543813229e-04
5.409791483543813229e-04
5.409791483543813229e-04
5.409791483543813229e-04
5.409791483543813229e-04
5.409791483543813229e-04
5.409791483543813229e-04
5.409791483543813229e-04
5.409791483543813229e-04
5.409791483543813229e-04
5.409791483543813229e-04
5.409791483543813229e-04
5.409791483543813229e-04
5.409791483543813229e-04
5.409791483543813229e-04
2.704895741771906614e-04
2.704895741771906614e-04
2.704895741771906614e-04
2.704895741771906614e-04
2.704895741771906614e-04
2.704895741771906614e-04
2.704895741771906614e-04
0.000000000000000000e+00
0.000000000000000000e+00
0.000000000000000000e+00
0.000000000000000000e+00
0.000000000000000000e+00
0.000000000000000000e+00
0.000000000000000000e+00
0.000000000000000000e+00
0.000000000000000000e+00
0.000000000000000000e+00
0.000000000000000000e+00
0.000000000000000000e+00
0.000000000000000000e+00
0.000000000000000000e+00
