9.764674305915832520e-01
7.865837216377258301e-01
7.768461108207702637e-01
7.062482833862304688e-01
6.507979631423950195e-01
6.072491407394409180e-01
5.799296498298645020e-01
5.642412900924682617e-01
5.515282750129699707e-01
5.371923446655273438e-01
5.215039253234863281e-01
5.093318819999694824e-01
5.050040483474731445e-01
4.955369234085083008e-01
4.914795756340026855e-01
4.887746870517730713e-01
4.809304773807525635e-01
4.752502143383026123e-01
4.655125737190246582e-01
4.609142541885375977e-01
4.571273922920227051e-01
4.503651559352874756e-01
4.484717249870300293e-01
4.452258646488189697e-01
4.430619478225708008e-01
4.354882240295410156e-01
4.306194186210632324e-01
4.287259876728057861e-01
4.249391257762908936e-01
4.222342371940612793e-01
4.187178909778594971e-01
4.157424867153167725e-01
4.111441671848297119e-01
4.087097644805908203e-01
4.070868194103240967e-01
4.057343900203704834e-01
4.030294716358184814e-01
4.011360704898834229e-01
3.992426395416259766e-01
3.957262635231018066e-01
3.943738043308258057e-01
3.930213749408721924e-01
3.694887757301330566e-01
3.686773180961608887e-01
3.667838871479034424e-01
3.646199703216552734e-01
3.621855676174163818e-01
3.608331084251403809e-01
3.556938171386718750e-01
3.529888987541198730e-01
3.519069552421569824e-01
3.489315807819366455e-01
3.483905792236328125e-01
3.454152047634124756e-01
3.437922596931457520e-01
3.421693146228790283e-01
3.278333842754364014e-01
3.256694674491882324e-01
3.240465223789215088e-01
3.224235773086547852e-01
3.216121196746826172e-01
3.194482028484344482e-01
3.183662295341491699e-01
3.148498833179473877e-01
3.137679100036621094e-01
3.118744790554046631e-01
3.107925355434417725e-01
3.091695904731750488e-01
3.078171610832214355e-01
3.056532442569732666e-01
3.045712709426879883e-01
2.991614937782287598e-01
2.980795204639434814e-01
2.972680628299713135e-01
2.959156036376953125e-01
2.948336601257324219e-01
2.918582558631896973e-01
2.910467982292175293e-01
2.891533672809600830e-01
2.883419096469879150e-01
2.872599363327026367e-01
2.861779928207397461e-01
2.848255336284637451e-01
2.837435901165008545e-01
2.821206450462341309e-01
2.815796732902526855e-01
2.788747549057006836e-01
2.731944918632507324e-01
2.721125185489654541e-01
2.715715467929840088e-01
2.704895734786987305e-01
2.694076299667358398e-01
2.677846848964691162e-01
2.664322555065155029e-01
2.653502821922302246e-01
2.637273371219635010e-01
2.623749077320098877e-01
2.612929344177246094e-01
2.602109909057617188e-01
2.585880458354949951e-01
2.577765882015228271e-01
2.564241290092468262e-01
2.553421556949615479e-01
2.542602121829986572e-01
2.531782388687133789e-01
2.477684617042541504e-01
2.472274750471115112e-01
2.466865032911300659e-01
2.458750307559967041e-01
2.447930723428726196e-01
2.437111139297485352e-01
2.420881837606430054e-01
2.412767112255096436e-01
2.404652386903762817e-01
2.399242669343948364e-01
2.385718077421188354e-01
2.374898493289947510e-01
2.364078909158706665e-01
2.353259325027465820e-01
2.334325164556503296e-01
2.326210439205169678e-01
2.326210439205169678e-01
2.315390855073928833e-01
2.309981137514114380e-01
2.299161553382873535e-01
2.288341969251632690e-01
2.247768491506576538e-01
2.239653766155242920e-01
2.226129323244094849e-01
2.218014597892761230e-01
2.204490154981613159e-01
2.193670570850372314e-01
2.182850986719131470e-01
2.174736261367797852e-01
2.166621536016464233e-01
2.161211818456649780e-01
2.147687375545501709e-01
2.147687375545501709e-01
2.136867791414260864e-01
2.131457924842834473e-01
2.120638340711593628e-01
2.112523615360260010e-01
2.098999172449111938e-01
2.085474729537963867e-01
2.058425694704055786e-01
2.044901251792907715e-01
2.036786526441574097e-01
2.025966942310333252e-01
2.017852365970611572e-01
2.007032781839370728e-01
1.998918056488037109e-01
1.990803331136703491e-01
1.982688605785369873e-01
1.974574029445648193e-01
1.966459304094314575e-01
1.958344578742980957e-01
1.952934861183166504e-01
1.944820135831832886e-01
1.931295692920684814e-01
1.912361383438110352e-01
1.906951516866683960e-01
1.896131932735443115e-01
1.888017356395721436e-01
1.879902631044387817e-01
1.866378188133239746e-01
1.831214427947998047e-01
1.828509569168090820e-01
1.817689985036849976e-01
1.801460683345794678e-01
1.796050816774368286e-01
1.787936091423034668e-01
1.779821515083312988e-01
1.769001930952072144e-01
1.755477488040924072e-01
1.747362762689590454e-01
1.733838319778442383e-01
1.723018735647201538e-01
1.712199151515960693e-01
1.701379567384719849e-01
1.693264842033386230e-01
1.687854975461959839e-01
1.679740399122238159e-01
1.660806089639663696e-01
1.649986505508422852e-01
1.644576638936996460e-01
1.639166921377182007e-01
1.628347337245941162e-01
1.620232611894607544e-01
1.606708168983459473e-01
1.598593443632125854e-01
1.585069000720977783e-01
1.576954275369644165e-01
1.555315107107162476e-01
1.549905389547348022e-01
1.541790664196014404e-01
1.528266221284866333e-01
1.517446637153625488e-01
1.506627053022384644e-01
1.498512327671051025e-01
1.493102461099624634e-01
1.484987884759902954e-01
1.474168300628662109e-01
1.468758434057235718e-01
1.460643708705902100e-01
1.449824124574661255e-01
1.441709548234939575e-01
1.436299681663513184e-01
1.428184956312179565e-01
1.417365372180938721e-01
1.409250795841217041e-01
1.401136070489883423e-01
1.393021345138549805e-01
1.387611627578735352e-01
1.382201761007308960e-01
1.374087035655975342e-01
1.352447867393493652e-01
1.347038149833679199e-01
1.338923424482345581e-01
1.330808699131011963e-01
1.322694122791290283e-01
1.314579397439956665e-01
1.309169530868530273e-01
1.306464672088623047e-01
1.298349946737289429e-01
1.292940229177474976e-01
1.287530362606048584e-01
1.279415786266326904e-01
1.271301060914993286e-01
1.260481476783752441e-01
1.249661892652511597e-01
1.238842308521270752e-01
1.230727583169937134e-01
1.225317791104316711e-01
1.219907999038696289e-01
1.214498206973075867e-01
1.203678622841835022e-01
1.200973764061927795e-01
1.173924803733825684e-01
1.165810152888298035e-01
1.165810152888298035e-01
1.160400360822677612e-01
1.154990568757057190e-01
1.149580776691436768e-01
1.141466051340103149e-01
1.136056259274482727e-01
1.125236675143241882e-01
1.122531816363334656e-01
1.111712232232093811e-01
1.100892648100852966e-01
1.092777922749519348e-01
1.090073063969612122e-01
1.081958338618278503e-01
1.065728962421417236e-01
1.057614311575889587e-01
1.054909378290176392e-01
1.049499586224555969e-01
1.044089794158935547e-01
1.035975143313407898e-01
1.027860417962074280e-01
1.017040833830833435e-01
1.008926182985305786e-01
9.954016655683517456e-02
9.872870147228240967e-02
9.818772226572036743e-02
9.764674305915832520e-02
9.737624973058700562e-02
9.656478464603424072e-02
9.602380543947219849e-02
9.575331211090087891e-02
9.575331211090087891e-02
9.575331211090087891e-02
9.521233290433883667e-02
9.440086781978607178e-02
9.331890940666198730e-02
9.250743687152862549e-02
9.196645766496658325e-02
9.142547845840454102e-02
9.061401337385177612e-02
9.034352004528045654e-02
8.926156163215637207e-02
8.899107575416564941e-02
8.845009654760360718e-02
8.736813813447952271e-02
8.682715892791748047e-02
8.628617972135543823e-02
8.574520051479339600e-02
8.547470718622207642e-02
8.493372797966003418e-02
8.439274877309799194e-02
8.358128368854522705e-02
8.304030448198318481e-02
8.304030448198318481e-02
8.249932527542114258e-02
8.195834606885910034e-02
8.168785274028778076e-02
8.114687353372573853e-02
8.087638765573501587e-02
8.033540844917297363e-02
8.006491512060165405e-02
7.898295670747756958e-02
7.844197750091552734e-02
7.817149162292480469e-02
7.708953320980072021e-02
7.627806067466735840e-02
7.573708146810531616e-02
7.519610226154327393e-02
7.492561638355255127e-02
7.411414384841918945e-02
7.384365797042846680e-02
7.330267876386642456e-02
7.276169955730438232e-02
7.249120622873306274e-02
7.195022702217102051e-02
7.167974114418029785e-02
7.140924781560897827e-02
6.978631019592285156e-02
6.951582431793212891e-02
6.897484511137008667e-02
6.870435178279876709e-02
6.789288669824600220e-02
6.708141416311264038e-02
6.654043495655059814e-02
6.626994907855987549e-02
6.599945574998855591e-02
6.599945574998855591e-02
6.518799066543579102e-02
6.518799066543579102e-02
6.491749733686447144e-02
6.491749733686447144e-02
6.410603225231170654e-02
6.383553892374038696e-02
6.302407383918762207e-02
6.275358051061630249e-02
6.275358051061630249e-02
6.248309463262557983e-02
6.221260502934455872e-02
6.113064661622047424e-02
6.058966740965843201e-02
6.004868820309638977e-02
5.977819859981536865e-02
5.950770899653434753e-02
5.896672978997230530e-02
5.896672978997230530e-02
5.842575058341026306e-02
5.815526098012924194e-02
5.815526098012924194e-02
5.788477137684822083e-02
5.761428177356719971e-02
5.734379217028617859e-02
5.707330256700515747e-02
5.680281296372413635e-02
5.626183375716209412e-02
5.626183375716209412e-02
5.626183375716209412e-02
5.572085455060005188e-02
5.545036494731903076e-02
5.545036494731903076e-02
5.463889613747596741e-02
5.436840653419494629e-02
5.409791693091392517e-02
5.409791693091392517e-02
5.409791693091392517e-02
5.382742732763290405e-02
5.355693772435188293e-02
5.274546891450881958e-02
5.274546891450881958e-02
5.274546891450881958e-02
5.247497931122779846e-02
5.166351050138473511e-02
5.112253129482269287e-02
5.031106248497962952e-02
5.031106248497962952e-02
4.949959367513656616e-02
4.922910407185554504e-02
4.895861446857452393e-02
4.868812486529350281e-02
4.787665605545043945e-02
4.733567684888839722e-02
4.679469764232635498e-02
4.625371843576431274e-02
4.598322883248329163e-02
4.571273922920227051e-02
4.544224962592124939e-02
4.490127041935920715e-02
4.463078081607818604e-02
4.408980160951614380e-02
4.327833279967308044e-02
4.327833279967308044e-02
4.300784319639205933e-02
4.300784319639205933e-02
4.273735359311103821e-02
4.273735359311103821e-02
4.246686398983001709e-02
4.246686398983001709e-02
4.192588478326797485e-02
4.165539517998695374e-02
4.138490557670593262e-02
4.111441597342491150e-02
4.111441597342491150e-02
4.111441597342491150e-02
4.111441597342491150e-02
4.084392637014389038e-02
4.057343676686286926e-02
4.030294716358184814e-02
4.030294716358184814e-02
4.030294716358184814e-02
4.003245756030082703e-02
3.922098875045776367e-02
3.922098875045776367e-02
3.895049914717674255e-02
3.895049914717674255e-02
3.813903033733367920e-02
3.813903033733367920e-02
3.759805113077163696e-02
3.705707192420959473e-02
3.678658232092857361e-02
3.651609271764755249e-02
3.651609271764755249e-02
3.597511351108551025e-02
3.597511351108551025e-02
3.597511351108551025e-02
3.597511351108551025e-02
3.570462390780448914e-02
3.570462390780448914e-02
3.543413430452346802e-02
3.516364470124244690e-02
3.462266549468040466e-02
3.435217589139938354e-02
3.435217589139938354e-02
3.435217589139938354e-02
3.435217589139938354e-02
3.435217589139938354e-02
3.435217589139938354e-02
3.435217589139938354e-02
3.408168628811836243e-02
3.381119668483734131e-02
3.381119668483734131e-02
3.354070708155632019e-02
3.299972787499427795e-02
3.272923827171325684e-02
3.272923827171325684e-02
3.245874866843223572e-02
3.218825906515121460e-02
3.164727985858917236e-02
3.137679025530815125e-02
3.137679025530815125e-02
3.137679025530815125e-02
3.110630251467227936e-02
3.056532330811023712e-02
3.029483370482921600e-02
3.002434410154819489e-02
2.975385449826717377e-02
2.948336489498615265e-02
2.921287529170513153e-02
2.894238568842411041e-02
2.894238568842411041e-02
2.894238568842411041e-02
2.894238568842411041e-02
2.894238568842411041e-02
2.894238568842411041e-02
2.813091687858104706e-02
2.813091687858104706e-02
2.786042727530002594e-02
2.786042727530002594e-02
2.786042727530002594e-02
2.758993767201900482e-02
2.704895846545696259e-02
2.677846886217594147e-02
2.650797925889492035e-02
2.650797925889492035e-02
2.650797925889492035e-02
2.650797925889492035e-02
2.650797925889492035e-02
2.623748965561389923e-02
2.596700005233287811e-02
2.596700005233287811e-02
2.569651044905185699e-02
2.569651044905185699e-02
2.542602084577083588e-02
2.515553124248981476e-02
2.515553124248981476e-02
2.488504163920879364e-02
2.461455203592777252e-02
2.461455203592777252e-02
2.434406243264675140e-02
2.434406243264675140e-02
2.407357282936573029e-02
2.407357282936573029e-02
2.380308322608470917e-02
2.380308322608470917e-02
2.353259362280368805e-02
2.353259362280368805e-02
2.299161441624164581e-02
2.272112481296062469e-02
2.272112481296062469e-02
2.245063520967960358e-02
2.245063520967960358e-02
2.245063520967960358e-02
2.218014560639858246e-02
2.218014560639858246e-02
2.190965600311756134e-02
2.190965600311756134e-02
2.163916639983654022e-02
2.109818719327449799e-02
2.055720798671245575e-02
2.028671838343143463e-02
2.028671838343143463e-02
2.001622878015041351e-02
2.001622878015041351e-02
2.001622878015041351e-02
1.974573917686939240e-02
1.947524957358837128e-02
1.920475997030735016e-02
1.920475997030735016e-02
1.893427036702632904e-02
1.893427036702632904e-02
1.893427036702632904e-02
1.866378076374530792e-02
1.812280155718326569e-02
1.812280155718326569e-02
1.785231195390224457e-02
1.785231195390224457e-02
1.785231195390224457e-02
1.785231195390224457e-02
1.731133274734020233e-02
1.704084314405918121e-02
1.704084314405918121e-02
1.649986393749713898e-02
1.649986393749713898e-02
1.649986393749713898e-02
1.649986393749713898e-02
1.595888473093509674e-02
1.595888473093509674e-02
1.568839512765407562e-02
1.541790645569562912e-02
1.487692724913358688e-02
1.460643764585256577e-02
1.460643764585256577e-02
1.460643764585256577e-02
1.460643764585256577e-02
1.460643764585256577e-02
1.460643764585256577e-02
1.460643764585256577e-02
1.433594804257154465e-02
1.406545843929052353e-02
1.379496883600950241e-02
1.379496883600950241e-02
1.379496883600950241e-02
1.379496883600950241e-02
1.379496883600950241e-02
1.379496883600950241e-02
1.379496883600950241e-02
1.352447923272848129e-02
1.325398962944746017e-02
1.325398962944746017e-02
1.325398962944746017e-02
1.325398962944746017e-02
1.298350002616643906e-02
1.298350002616643906e-02
1.298350002616643906e-02
1.271301042288541794e-02
1.271301042288541794e-02
1.244252081960439682e-02
1.244252081960439682e-02
1.244252081960439682e-02
1.244252081960439682e-02
1.217203121632337570e-02
1.217203121632337570e-02
1.217203121632337570e-02
1.190154161304235458e-02
1.190154161304235458e-02
1.136056240648031235e-02
1.136056240648031235e-02
1.136056240648031235e-02
1.109007280319929123e-02
1.109007280319929123e-02
1.109007280319929123e-02
1.081958319991827011e-02
1.081958319991827011e-02
1.081958319991827011e-02
1.081958319991827011e-02
1.081958319991827011e-02
1.054909359663724899e-02
1.054909359663724899e-02
1.054909359663724899e-02
1.054909359663724899e-02
1.054909359663724899e-02
1.054909359663724899e-02
1.054909359663724899e-02
1.054909359663724899e-02
1.027860399335622787e-02
1.027860399335622787e-02
1.027860399335622787e-02
1.000811439007520676e-02
1.000811439007520676e-02
1.000811439007520676e-02
1.000811439007520676e-02
1.000811439007520676e-02
1.000811439007520676e-02
1.000811439007520676e-02
1.000811439007520676e-02
1.000811439007520676e-02
9.737624786794185638e-03
9.737624786794185638e-03
9.737624786794185638e-03
9.737624786794185638e-03
9.737624786794185638e-03
9.467135183513164520e-03
9.467135183513164520e-03
9.467135183513164520e-03
9.467135183513164520e-03
9.467135183513164520e-03
9.467135183513164520e-03
9.467135183513164520e-03
9.196645580232143402e-03
9.196645580232143402e-03
9.196645580232143402e-03
9.196645580232143402e-03
9.196645580232143402e-03
8.926155976951122284e-03
8.655666373670101166e-03
8.655666373670101166e-03
8.655666373670101166e-03
8.385176770389080048e-03
8.385176770389080048e-03
8.385176770389080048e-03
8.385176770389080048e-03
8.385176770389080048e-03
8.385176770389080048e-03
8.385176770389080048e-03
8.385176770389080048e-03
8.385176770389080048e-03
8.385176770389080048e-03
8.385176770389080048e-03
8.385176770389080048e-03
8.114687167108058929e-03
8.114687167108058929e-03
8.114687167108058929e-03
8.114687167108058929e-03
8.114687167108058929e-03
8.114687167108058929e-03
8.114687167108058929e-03
7.573708426207304001e-03
7.573708426207304001e-03
7.573708426207304001e-03
7.303218822926282883e-03
7.303218822926282883e-03
7.303218822926282883e-03
7.303218822926282883e-03
7.303218822926282883e-03
7.303218822926282883e-03
7.303218822926282883e-03
7.032729219645261765e-03
6.762239616364240646e-03
6.762239616364240646e-03
6.762239616364240646e-03
6.762239616364240646e-03
6.762239616364240646e-03
6.762239616364240646e-03
6.762239616364240646e-03
6.762239616364240646e-03
6.762239616364240646e-03
6.762239616364240646e-03
6.762239616364240646e-03
6.762239616364240646e-03
6.762239616364240646e-03
6.762239616364240646e-03
6.762239616364240646e-03
6.762239616364240646e-03
6.762239616364240646e-03
6.762239616364240646e-03
6.762239616364240646e-03
6.762239616364240646e-03
6.762239616364240646e-03
6.762239616364240646e-03
6.762239616364240646e-03
6.762239616364240646e-03
6.762239616364240646e-03
6.762239616364240646e-03
6.762239616364240646e-03
6.491750013083219528e-03
6.491750013083219528e-03
6.491750013083219528e-03
6.491750013083219528e-03
6.491750013083219528e-03
6.491750013083219528e-03
6.491750013083219528e-03
6.221260409802198410e-03
5.950770806521177292e-03
5.950770806521177292e-03
5.950770806521177292e-03
5.680281203240156174e-03
5.409791599959135056e-03
5.409791599959135056e-03
5.409791599959135056e-03
5.409791599959135056e-03
5.409791599959135056e-03
5.409791599959135056e-03
5.139301996678113937e-03
5.139301996678113937e-03
5.139301996678113937e-03
5.139301996678113937e-03
5.139301996678113937e-03
4.868812393397092819e-03
4.868812393397092819e-03
4.868812393397092819e-03
4.868812393397092819e-03
4.868812393397092819e-03
4.868812393397092819e-03
4.868812393397092819e-03
4.868812393397092819e-03
4.868812393397092819e-03
4.868812393397092819e-03
4.868812393397092819e-03
4.868812393397092819e-03
4.868812393397092819e-03
4.868812393397092819e-03
4.868812393397092819e-03
4.868812393397092819e-03
4.598322790116071701e-03
4.598322790116071701e-03
4.598322790116071701e-03
4.598322790116071701e-03
4.598322790116071701e-03
4.598322790116071701e-03
4.598322790116071701e-03
4.598322790116071701e-03
4.598322790116071701e-03
4.598322790116071701e-03
4.598322790116071701e-03
4.598322790116071701e-03
4.598322790116071701e-03
4.598322790116071701e-03
4.598322790116071701e-03
4.327833186835050583e-03
4.327833186835050583e-03
4.327833186835050583e-03
4.327833186835050583e-03
4.327833186835050583e-03
4.327833186835050583e-03
4.327833186835050583e-03
4.057343583554029465e-03
3.786854213103652000e-03
3.786854213103652000e-03
3.786854213103652000e-03
3.516364609822630882e-03
3.516364609822630882e-03
3.516364609822630882e-03
3.516364609822630882e-03
3.516364609822630882e-03
3.516364609822630882e-03
3.516364609822630882e-03
3.516364609822630882e-03
3.516364609822630882e-03
3.516364609822630882e-03
3.516364609822630882e-03
3.516364609822630882e-03
3.516364609822630882e-03
3.245875006541609764e-03
3.245875006541609764e-03
3.245875006541609764e-03
3.245875006541609764e-03
3.245875006541609764e-03
3.245875006541609764e-03
3.245875006541609764e-03
3.245875006541609764e-03
2.975385403260588646e-03
2.975385403260588646e-03
2.975385403260588646e-03
2.975385403260588646e-03
2.975385403260588646e-03
2.975385403260588646e-03
2.975385403260588646e-03
2.975385403260588646e-03
2.975385403260588646e-03
2.975385403260588646e-03
2.975385403260588646e-03
2.704895799979567528e-03
2.704895799979567528e-03
2.704895799979567528e-03
2.704895799979567528e-03
2.704895799979567528e-03
2.704895799979567528e-03
2.704895799979567528e-03
2.704895799979567528e-03
2.704895799979567528e-03
2.704895799979567528e-03
2.704895799979567528e-03
2.704895799979567528e-03
2.704895799979567528e-03
2.434406196698546410e-03
2.434406196698546410e-03
2.434406196698546410e-03
2.434406196698546410e-03
2.434406196698546410e-03
2.434406196698546410e-03
2.434406196698546410e-03
2.434406196698546410e-03
2.163916593417525291e-03
2.163916593417525291e-03
2.163916593417525291e-03
2.163916593417525291e-03
2.163916593417525291e-03
2.163916593417525291e-03
2.163916593417525291e-03
2.163916593417525291e-03
2.163916593417525291e-03
2.163916593417525291e-03
2.163916593417525291e-03
2.163916593417525291e-03
2.163916593417525291e-03
2.163916593417525291e-03
2.163916593417525291e-03
2.163916593417525291e-03
2.163916593417525291e-03
2.163916593417525291e-03
2.163916593417525291e-03
2.163916593417525291e-03
2.163916593417525291e-03
2.163916593417525291e-03
2.163916593417525291e-03
2.163916593417525291e-03
2.163916593417525291e-03
2.163916593417525291e-03
2.163916593417525291e-03
2.163916593417525291e-03
2.163916593417525291e-03
2.163916593417525291e-03
2.163916593417525291e-03
2.163916593417525291e-03
1.893427106551826000e-03
1.893427106551826000e-03
1.893427106551826000e-03
1.893427106551826000e-03
1.893427106551826000e-03
1.893427106551826000e-03
1.893427106551826000e-03
1.893427106551826000e-03
1.893427106551826000e-03
1.893427106551826000e-03
1.893427106551826000e-03
1.893427106551826000e-03
1.893427106551826000e-03
1.893427106551826000e-03
1.893427106551826000e-03
1.893427106551826000e-03
1.893427106551826000e-03
1.893427106551826000e-03
1.893427106551826000e-03
1.622937503270804882e-03
1.352447899989783764e-03
1.352447899989783764e-03
1.352447899989783764e-03
1.352447899989783764e-03
1.352447899989783764e-03
1.352447899989783764e-03
1.352447899989783764e-03
1.352447899989783764e-03
1.352447899989783764e-03
1.081958296708762646e-03
1.081958296708762646e-03
1.081958296708762646e-03
1.081958296708762646e-03
1.081958296708762646e-03
1.081958296708762646e-03
1.081958296708762646e-03
1.081958296708762646e-03
1.081958296708762646e-03
1.081958296708762646e-03
1.081958296708762646e-03
1.081958296708762646e-03
1.081958296708762646e-03
1.081958296708762646e-03
1.081958296708762646e-03
1.081958296708762646e-03
1.081958296708762646e-03
1.081958296708762646e-03
1.081958296708762646e-03
1.081958296708762646e-03
1.081958296708762646e-03
1.081958296708762646e-03
1.081958296708762646e-03
1.081958296708762646e-03
1.081958296708762646e-03
8.114687516354024410e-04
8.114687516354024410e-04
8.114687516354024410e-04
8.114687516354024410e-04
8.114687516354024410e-04
8.114687516354024410e-04
8.114687516354024410e-04
8.114687516354024410e-04
8.114687516354024410e-04
8.114687516354024410e-04
8.114687516354024410e-04
8.114687516354024410e-04
8.114687516354024410e-04
8.114687516354024410e-04
8.114687516354024410e-04
8.114687516354024410e-04
8.114687516354024410e-04
8.114687516354024410e-04
8.114687516354024410e-04
8.114687516354024410e-04
8.114687516354024410e-04
8.114687516354024410e-04
8.114687516354024410e-04
8.114687516354024410e-04
8.114687516354024410e-04
8.114687516354024410e-04
8.114687516354024410e-04
8.114687516354024410e-04
8.114687516354024410e-04
5.409791483543813229e-04
5.409791483543813229e-04
5.409791483543813229e-04
5.409791483543813229e-04
5.409791483543813229e-04
5.409791483543813229e-04
5.409791483543813229e-04
5.409791483543813229e-04
5.409791483543813229e-04
5.409791483543813229e-04
5.409791483543813229e-04
5.409791483543813229e-04
5.409791483543813229e-04
5.409791483543813229e-04
5.409791483543813229e-04
5.409791483543813229e-04
5.409791483543813229e-04
5.409791483543813229e-04
5.409791483543813229e-04
5.409791483543813229e-04
5.409791483543813229e-04
5.409791483543813229e-04
5.409791483543813229e-04
5.409791483543813229e-04
5.409791483543813229e-04
5.409791483543813229e-04
5.409791483543813229e-04
5.409791483543813229e-04
5.409791483543813229e-04
5.409791483543813229e-04
5.409791483543813229e-04
5.409791483543813229e-04
5.409791483543813229e-04
5.409791483543813229e-04
5.409791483543813229e-04
5.409791483543813229e-04
5.409791483543813229e-04
5.409791483543813229e-04
5.409791483543813229e-04
5.409791483543813229e-04
5.409791483543813229e-04
5.409791483543813229e-04
5.409791483543813229e-04
5.409791483543813229e-04
5.409791483543813229e-04
5.409791483543813229e-04
5.409791483543813229e-04
5.409791483543813229e-04
5.409791483543813229e-04
5.409791483543813229e-04
5.409791483543813229e-04
5.409791483543813229e-04
5.409791483543813229e-04
5.409791483543813229e-04
5.409791483543813229e-04
5.409791483543813229e-04
5.409791483543813229e-04
5.409791483543813229e-04
5.409791483543813229e-04
5.409791483543813229e-04
5.409791483543813229e-04
5.409791483543813229e-04
5.409791483543813229e-04
2.704895741771906614e-04
2.704895741771906614e-04
2.704895741771906614e-04
2.704895741771906614e-04
2.704895741771906614e-04
2.704895741771906614e-04
2.704895741771906614e-04
2.704895741771906614e-04
2.704895741771906614e-04
0.000000000000000000e+00
0.000000000000000000e+00
0.000000000000000000e+00
0.000000000000000000e+00
0.000000000000000000e+00
0.000000000000000000e+00
0.000000000000000000e+00
0.000000000000000000e+00
0.000000000000000000e+00
0.000000000000000000e+00
0.000000000000000000e+00
0.000000000000000000e+00
0.000000000000000000e+00
0.000000000000000000e+00
