9.764674305915832520e-01
7.695428729057312012e-01
6.927238106727600098e-01
6.424127817153930664e-01
6.067081689834594727e-01
5.723559856414794922e-01
5.655937194824218750e-01
5.431430935859680176e-01
5.366513133049011230e-01
5.193399786949157715e-01
5.109548568725585938e-01
5.052745342254638672e-01
4.968893826007843018e-01
4.928320348262786865e-01
4.890451729297637939e-01
4.779551029205322266e-01
4.738977551460266113e-01
4.684879779815673828e-01
4.584798514842987061e-01
4.555044770240783691e-01
4.530700445175170898e-01
4.427914619445800781e-01
4.233162105083465576e-01
4.187178909778594971e-01
4.154720008373260498e-01
4.130375981330871582e-01
4.060048758983612061e-01
4.038409590721130371e-01
4.024884998798370361e-01
4.005950689315795898e-01
3.981606662273406982e-01
3.968082368373870850e-01
3.935623466968536377e-01
3.781444430351257324e-01
3.751690685749053955e-01
3.746280670166015625e-01
3.721936643123626709e-01
3.703002333641052246e-01
3.692182898521423340e-01
3.643494844436645508e-01
3.619150519371032715e-01
3.616445660591125488e-01
3.589396774768829346e-01
3.575872182846069336e-01
3.554233014583587646e-01
3.540708720684051514e-01
3.527184128761291504e-01
3.448742330074310303e-01
3.421693146228790283e-01
3.402759134769439697e-01
3.364890515804290771e-01
3.337841629981994629e-01
3.324317038059234619e-01
3.297268152236938477e-01
3.278333842754364014e-01
3.248579800128936768e-01
3.229645788669586182e-01
3.216121196746826172e-01
3.197186887264251709e-01
3.186367452144622803e-01
3.175547719001770020e-01
3.164728283882141113e-01
3.102515637874603271e-01
3.091695904731750488e-01
3.078171610832214355e-01
3.061942160129547119e-01
3.040302991867065430e-01
3.034893274307250977e-01
3.021368682384490967e-01
3.007844090461730957e-01
2.986204922199249268e-01
2.972680628299713135e-01
2.959156036376953125e-01
2.951041460037231445e-01
2.937516868114471436e-01
2.926697432994842529e-01
2.915877699851989746e-01
2.905058264732360840e-01
2.850960195064544678e-01
2.829321026802062988e-01
2.807681858539581299e-01
2.786042690277099609e-01
2.769813239574432373e-01
2.756288945674896240e-01
2.723830044269561768e-01
2.707600891590118408e-01
2.696781158447265625e-01
2.683256566524505615e-01
2.675141990184783936e-01
2.658912539482116699e-01
2.623749077320098877e-01
2.607519626617431641e-01
2.596699893474578857e-01
2.583175599575042725e-01
2.572355866432189941e-01
2.561536431312561035e-01
2.553421556949615479e-01
2.542602121829986572e-01
2.531782388687133789e-01
2.520962953567504883e-01
2.512848377227783203e-01
2.502028644084930420e-01
2.491209059953689575e-01
2.464160174131393433e-01
2.445225864648818970e-01
2.434406280517578125e-01
2.420881837606430054e-01
2.407357245683670044e-01
2.399242669343948364e-01
2.383013218641281128e-01
2.372193634510040283e-01
2.361374050378799438e-01
2.353259325027465820e-01
2.339734882116317749e-01
2.334325164556503296e-01
2.326210439205169678e-01
2.320800721645355225e-01
2.288341969251632690e-01
2.277522385120391846e-01
2.269407659769058228e-01
2.263997793197631836e-01
2.255883216857910156e-01
2.247768491506576538e-01
2.236948907375335693e-01
2.226129323244094849e-01
2.207195013761520386e-01
2.188260704278945923e-01
2.177441120147705078e-01
2.166621536016464233e-01
2.161211818456649780e-01
2.136867791414260864e-01
2.131457924842834473e-01
2.120638340711593628e-01
2.112523615360260010e-01
2.101704031229019165e-01
2.096294313669204712e-01
2.088179588317871094e-01
2.080064862966537476e-01
2.074655145406723022e-01
2.069245278835296631e-01
2.055720835924148560e-01
2.047606110572814941e-01
2.034081667661666870e-01
2.028671950101852417e-01
2.015147358179092407e-01
2.004327774047851562e-01
1.988098472356796265e-01
1.977278888225555420e-01
1.966459304094314575e-01
1.958344578742980957e-01
1.952934861183166504e-01
1.947524994611740112e-01
1.939410269260406494e-01
1.928590685129165649e-01
1.915066242218017578e-01
1.912361383438110352e-01
1.904246658086776733e-01
1.890722215175628662e-01
1.882607489824295044e-01
1.871787905693054199e-01
1.860968321561813354e-01
1.855558604001998901e-01
1.850148737430572510e-01
1.831214427947998047e-01
1.823099851608276367e-01
1.814985126256942749e-01
1.801460683345794678e-01
1.790641099214553833e-01
1.785231232643127441e-01
1.774411648511886597e-01
1.766296923160552979e-01
1.752772480249404907e-01
1.741952896118164062e-01
1.731133311986923218e-01
1.720313727855682373e-01
1.706789284944534302e-01
1.698674559593200684e-01
1.687854975461959839e-01
1.677035391330718994e-01
1.671625673770904541e-01
1.663510948419570923e-01
1.652691364288330078e-01
1.647281646728515625e-01
1.639166921377182007e-01
1.633757054805755615e-01
1.620232611894607544e-01
1.617527753114700317e-01
1.612117886543273926e-01
1.604003310203552246e-01
1.576954275369644165e-01
1.571544557809829712e-01
1.558019965887069702e-01
1.547200381755828857e-01
1.539085805416107178e-01
1.528266221284866333e-01
1.520151495933532715e-01
1.512036770582199097e-01
1.503922045230865479e-01
1.495807468891143799e-01
1.487692743539810181e-01
1.466053575277328491e-01
1.460643708705902100e-01
1.455233991146087646e-01
1.441709548234939575e-01
1.433594822883605957e-01
1.425480097532272339e-01
1.420070379972457886e-01
1.411955654621124268e-01
1.401136070489883423e-01
1.393021345138549805e-01
1.387611627578735352e-01
1.382201761007308960e-01
1.365972459316253662e-01
1.360562592744827271e-01
1.352447867393493652e-01
1.344333291053771973e-01
1.338923424482345581e-01
1.333513706922531128e-01
1.322694122791290283e-01
1.322694122791290283e-01
1.311874538660049438e-01
1.303759813308715820e-01
1.295645087957382202e-01
1.292940229177474976e-01
1.274005919694900513e-01
1.263186335563659668e-01
1.257776618003845215e-01
1.252366751432418823e-01
1.246956959366798401e-01
1.238842308521270752e-01
1.233432516455650330e-01
1.222612932324409485e-01
1.217203140258789062e-01
1.217203140258789062e-01
1.209088414907455444e-01
1.209088414907455444e-01
1.206383556127548218e-01
1.203678622841835022e-01
1.192859038710594177e-01
1.182039454579353333e-01
1.173924803733825684e-01
1.165810152888298035e-01
1.152285635471343994e-01
1.152285635471343994e-01
1.144170984625816345e-01
1.138761192560195923e-01
1.122531816363334656e-01
1.111712232232093811e-01
1.103597506880760193e-01
1.095482856035232544e-01
1.087368130683898926e-01
1.079253479838371277e-01
1.071138754487037659e-01
1.063024103641510010e-01
1.052204519510269165e-01
1.046794727444648743e-01
1.041384935379028320e-01
1.030565351247787476e-01
1.025155559182167053e-01
1.011631041765213013e-01
1.011631041765213013e-01
1.011631041765213013e-01
1.008926182985305786e-01
1.006221249699592590e-01
1.000811457633972168e-01
9.981065988540649414e-02
9.954016655683517456e-02
9.872870147228240967e-02
9.764674305915832520e-02
9.602380543947219849e-02
9.548282623291015625e-02
9.494184702634811401e-02
9.440086781978607178e-02
9.358939528465270996e-02
9.250743687152862549e-02
9.169597178697586060e-02
9.142547845840454102e-02
9.034352004528045654e-02
8.953205496072769165e-02
8.926156163215637207e-02
8.899107575416564941e-02
8.845009654760360718e-02
8.763862401247024536e-02
8.682715892791748047e-02
8.601568639278411865e-02
8.466324210166931152e-02
8.466324210166931152e-02
8.466324210166931152e-02
8.412226289510726929e-02
8.304030448198318481e-02
8.276981115341186523e-02
8.222883194684982300e-02
8.195834606885910034e-02
8.060589432716369629e-02
8.033540844917297363e-02
7.979442924261093140e-02
7.898295670747756958e-02
7.844197750091552734e-02
7.736001908779144287e-02
7.708953320980072021e-02
7.654855400323867798e-02
7.627806067466735840e-02
7.573708146810531616e-02
7.519610226154327393e-02
7.465512305498123169e-02
7.384365797042846680e-02
7.357316464185714722e-02
7.303218543529510498e-02
7.303218543529510498e-02
7.303218543529510498e-02
7.276169955730438232e-02
7.222072035074234009e-02
7.195022702217102051e-02
7.140924781560897827e-02
7.059778273105621338e-02
6.978631019592285156e-02
6.924533098936080933e-02
6.924533098936080933e-02
6.843386590480804443e-02
6.816337257623672485e-02
6.789288669824600220e-02
6.762239336967468262e-02
6.681092828512191772e-02
6.681092828512191772e-02
6.681092828512191772e-02
6.626994907855987549e-02
6.545847654342651367e-02
6.491749733686447144e-02
6.464701145887374878e-02
6.437651813030242920e-02
6.356505304574966431e-02
6.329455971717834473e-02
6.275358051061630249e-02
6.275358051061630249e-02
6.221260502934455872e-02
6.167162582278251648e-02
6.167162582278251648e-02
6.167162582278251648e-02
6.113064661622047424e-02
6.086015701293945312e-02
6.031917780637741089e-02
6.004868820309638977e-02
5.923721939325332642e-02
5.869624018669128418e-02
5.869624018669128418e-02
5.815526098012924194e-02
5.815526098012924194e-02
5.788477137684822083e-02
5.788477137684822083e-02
5.734379217028617859e-02
5.707330256700515747e-02
5.680281296372413635e-02
5.680281296372413635e-02
5.599134415388107300e-02
5.572085455060005188e-02
5.545036494731903076e-02
5.463889613747596741e-02
5.436840653419494629e-02
5.382742732763290405e-02
5.328644812107086182e-02
5.301595851778984070e-02
5.274546891450881958e-02
5.247497931122779846e-02
5.166351050138473511e-02
5.112253129482269287e-02
5.112253129482269287e-02
5.085204169154167175e-02
5.058155208826065063e-02
5.058155208826065063e-02
5.031106248497962952e-02
5.031106248497962952e-02
5.004057288169860840e-02
4.977008327841758728e-02
4.922910407185554504e-02
4.868812486529350281e-02
4.841763526201248169e-02
4.814714565873146057e-02
4.787665605545043945e-02
4.760616645216941833e-02
4.760616645216941833e-02
4.706518724560737610e-02
4.679469764232635498e-02
4.625371843576431274e-02
4.544224962592124939e-02
4.490127041935920715e-02
4.463078081607818604e-02
4.408980160951614380e-02
4.354882240295410156e-02
4.354882240295410156e-02
4.327833279967308044e-02
4.300784319639205933e-02
4.300784319639205933e-02
4.246686398983001709e-02
4.219637438654899597e-02
4.192588478326797485e-02
4.165539517998695374e-02
4.165539517998695374e-02
4.165539517998695374e-02
4.165539517998695374e-02
4.138490557670593262e-02
4.111441597342491150e-02
4.084392637014389038e-02
4.084392637014389038e-02
4.057343676686286926e-02
4.057343676686286926e-02
4.003245756030082703e-02
3.949147835373878479e-02
3.922098875045776367e-02
3.895049914717674255e-02
3.868000954389572144e-02
3.840951994061470032e-02
3.813903033733367920e-02
3.813903033733367920e-02
3.759805113077163696e-02
3.732756152749061584e-02
3.678658232092857361e-02
3.651609271764755249e-02
3.651609271764755249e-02
3.624560311436653137e-02
3.624560311436653137e-02
3.597511351108551025e-02
3.543413430452346802e-02
3.516364470124244690e-02
3.516364470124244690e-02
3.489315509796142578e-02
3.462266549468040466e-02
3.462266549468040466e-02
3.462266549468040466e-02
3.435217589139938354e-02
3.408168628811836243e-02
3.408168628811836243e-02
3.381119668483734131e-02
3.381119668483734131e-02
3.327021747827529907e-02
3.272923827171325684e-02
3.272923827171325684e-02
3.272923827171325684e-02
3.272923827171325684e-02
3.272923827171325684e-02
3.245874866843223572e-02
3.245874866843223572e-02
3.191776946187019348e-02
3.191776946187019348e-02
3.191776946187019348e-02
3.191776946187019348e-02
3.137679025530815125e-02
3.137679025530815125e-02
3.137679025530815125e-02
3.137679025530815125e-02
3.083581291139125824e-02
3.056532330811023712e-02
3.029483370482921600e-02
3.029483370482921600e-02
3.002434410154819489e-02
3.002434410154819489e-02
2.975385449826717377e-02
2.948336489498615265e-02
2.948336489498615265e-02
2.921287529170513153e-02
2.867189608514308929e-02
2.867189608514308929e-02
2.840140648186206818e-02
2.840140648186206818e-02
2.813091687858104706e-02
2.786042727530002594e-02
2.758993767201900482e-02
2.758993767201900482e-02
2.758993767201900482e-02
2.731944806873798370e-02
2.731944806873798370e-02
2.704895846545696259e-02
2.650797925889492035e-02
2.623748965561389923e-02
2.623748965561389923e-02
2.596700005233287811e-02
2.569651044905185699e-02
2.569651044905185699e-02
2.569651044905185699e-02
2.542602084577083588e-02
2.488504163920879364e-02
2.488504163920879364e-02
2.488504163920879364e-02
2.488504163920879364e-02
2.434406243264675140e-02
2.434406243264675140e-02
2.380308322608470917e-02
2.353259362280368805e-02
2.353259362280368805e-02
2.326210401952266693e-02
2.299161441624164581e-02
2.272112481296062469e-02
2.245063520967960358e-02
2.245063520967960358e-02
2.190965600311756134e-02
2.163916639983654022e-02
2.163916639983654022e-02
2.136867679655551910e-02
2.109818719327449799e-02
2.109818719327449799e-02
2.082769758999347687e-02
2.055720798671245575e-02
2.055720798671245575e-02
2.055720798671245575e-02
2.055720798671245575e-02
2.055720798671245575e-02
2.028671838343143463e-02
2.028671838343143463e-02
2.001622878015041351e-02
1.974573917686939240e-02
1.920475997030735016e-02
1.920475997030735016e-02
1.920475997030735016e-02
1.893427036702632904e-02
1.866378076374530792e-02
1.866378076374530792e-02
1.866378076374530792e-02
1.812280155718326569e-02
1.758182235062122345e-02
1.731133274734020233e-02
1.731133274734020233e-02
1.704084314405918121e-02
1.677035354077816010e-02
1.677035354077816010e-02
1.649986393749713898e-02
1.622937433421611786e-02
1.595888473093509674e-02
1.595888473093509674e-02
1.595888473093509674e-02
1.595888473093509674e-02
1.514741685241460800e-02
1.514741685241460800e-02
1.514741685241460800e-02
1.514741685241460800e-02
1.487692724913358688e-02
1.487692724913358688e-02
1.487692724913358688e-02
1.460643764585256577e-02
1.460643764585256577e-02
1.460643764585256577e-02
1.379496883600950241e-02
1.352447923272848129e-02
1.352447923272848129e-02
1.325398962944746017e-02
1.325398962944746017e-02
1.325398962944746017e-02
1.298350002616643906e-02
1.271301042288541794e-02
1.244252081960439682e-02
1.217203121632337570e-02
1.217203121632337570e-02
1.190154161304235458e-02
1.190154161304235458e-02
1.190154161304235458e-02
1.190154161304235458e-02
1.163105200976133347e-02
1.163105200976133347e-02
1.163105200976133347e-02
1.136056240648031235e-02
1.136056240648031235e-02
1.109007280319929123e-02
1.109007280319929123e-02
1.109007280319929123e-02
1.109007280319929123e-02
1.109007280319929123e-02
1.109007280319929123e-02
1.109007280319929123e-02
1.109007280319929123e-02
1.109007280319929123e-02
1.109007280319929123e-02
1.109007280319929123e-02
1.109007280319929123e-02
1.109007280319929123e-02
1.109007280319929123e-02
1.109007280319929123e-02
1.109007280319929123e-02
1.109007280319929123e-02
1.081958319991827011e-02
1.081958319991827011e-02
1.054909359663724899e-02
1.054909359663724899e-02
1.054909359663724899e-02
1.054909359663724899e-02
1.054909359663724899e-02
1.027860399335622787e-02
1.027860399335622787e-02
1.027860399335622787e-02
1.000811439007520676e-02
9.737624786794185638e-03
9.467135183513164520e-03
9.467135183513164520e-03
9.467135183513164520e-03
9.467135183513164520e-03
9.467135183513164520e-03
9.467135183513164520e-03
9.467135183513164520e-03
9.467135183513164520e-03
9.467135183513164520e-03
9.467135183513164520e-03
9.467135183513164520e-03
9.467135183513164520e-03
9.467135183513164520e-03
9.196645580232143402e-03
9.196645580232143402e-03
8.926155976951122284e-03
8.926155976951122284e-03
8.926155976951122284e-03
8.926155976951122284e-03
8.926155976951122284e-03
8.926155976951122284e-03
8.926155976951122284e-03
8.926155976951122284e-03
8.926155976951122284e-03
8.926155976951122284e-03
8.655666373670101166e-03
8.655666373670101166e-03
8.655666373670101166e-03
8.655666373670101166e-03
8.655666373670101166e-03
8.655666373670101166e-03
8.655666373670101166e-03
8.655666373670101166e-03
8.655666373670101166e-03
8.385176770389080048e-03
8.385176770389080048e-03
8.385176770389080048e-03
8.385176770389080048e-03
8.114687167108058929e-03
8.114687167108058929e-03
7.844197563827037811e-03
7.573708426207304001e-03
7.573708426207304001e-03
7.573708426207304001e-03
7.573708426207304001e-03
7.573708426207304001e-03
7.573708426207304001e-03
7.573708426207304001e-03
7.303218822926282883e-03
7.303218822926282883e-03
7.303218822926282883e-03
7.303218822926282883e-03
7.303218822926282883e-03
7.303218822926282883e-03
7.303218822926282883e-03
7.303218822926282883e-03
7.303218822926282883e-03
7.303218822926282883e-03
7.303218822926282883e-03
7.303218822926282883e-03
7.032729219645261765e-03
7.032729219645261765e-03
7.032729219645261765e-03
7.032729219645261765e-03
7.032729219645261765e-03
7.032729219645261765e-03
7.032729219645261765e-03
7.032729219645261765e-03
7.032729219645261765e-03
6.762239616364240646e-03
6.762239616364240646e-03
6.762239616364240646e-03
6.762239616364240646e-03
6.762239616364240646e-03
6.762239616364240646e-03
6.762239616364240646e-03
6.221260409802198410e-03
6.221260409802198410e-03
6.221260409802198410e-03
6.221260409802198410e-03
6.221260409802198410e-03
6.221260409802198410e-03
5.950770806521177292e-03
5.950770806521177292e-03
5.680281203240156174e-03
5.680281203240156174e-03
5.409791599959135056e-03
5.409791599959135056e-03
5.409791599959135056e-03
5.409791599959135056e-03
5.409791599959135056e-03
5.409791599959135056e-03
5.409791599959135056e-03
5.409791599959135056e-03
5.409791599959135056e-03
5.409791599959135056e-03
5.409791599959135056e-03
5.409791599959135056e-03
5.409791599959135056e-03
5.409791599959135056e-03
5.409791599959135056e-03
5.409791599959135056e-03
5.139301996678113937e-03
5.139301996678113937e-03
5.139301996678113937e-03
5.139301996678113937e-03
5.139301996678113937e-03
5.139301996678113937e-03
5.139301996678113937e-03
5.139301996678113937e-03
5.139301996678113937e-03
5.139301996678113937e-03
5.139301996678113937e-03
4.868812393397092819e-03
4.868812393397092819e-03
4.598322790116071701e-03
4.598322790116071701e-03
4.598322790116071701e-03
4.598322790116071701e-03
4.598322790116071701e-03
4.057343583554029465e-03
4.057343583554029465e-03
3.786854213103652000e-03
3.786854213103652000e-03
3.786854213103652000e-03
3.786854213103652000e-03
3.786854213103652000e-03
3.786854213103652000e-03
3.786854213103652000e-03
3.786854213103652000e-03
3.516364609822630882e-03
3.516364609822630882e-03
3.516364609822630882e-03
3.516364609822630882e-03
3.516364609822630882e-03
3.516364609822630882e-03
3.516364609822630882e-03
3.516364609822630882e-03
3.516364609822630882e-03
3.516364609822630882e-03
3.516364609822630882e-03
3.516364609822630882e-03
3.516364609822630882e-03
3.516364609822630882e-03
3.516364609822630882e-03
3.516364609822630882e-03
3.516364609822630882e-03
3.516364609822630882e-03
3.516364609822630882e-03
3.516364609822630882e-03
3.516364609822630882e-03
3.516364609822630882e-03
3.516364609822630882e-03
3.516364609822630882e-03
3.245875006541609764e-03
3.245875006541609764e-03
3.245875006541609764e-03
3.245875006541609764e-03
3.245875006541609764e-03
3.245875006541609764e-03
3.245875006541609764e-03
3.245875006541609764e-03
3.245875006541609764e-03
2.975385403260588646e-03
2.975385403260588646e-03
2.975385403260588646e-03
2.975385403260588646e-03
2.975385403260588646e-03
2.975385403260588646e-03
2.975385403260588646e-03
2.975385403260588646e-03
2.975385403260588646e-03
2.975385403260588646e-03
2.975385403260588646e-03
2.975385403260588646e-03
2.975385403260588646e-03
2.975385403260588646e-03
2.975385403260588646e-03
2.704895799979567528e-03
2.704895799979567528e-03
2.434406196698546410e-03
2.434406196698546410e-03
2.434406196698546410e-03
2.434406196698546410e-03
2.163916593417525291e-03
2.163916593417525291e-03
2.163916593417525291e-03
2.163916593417525291e-03
2.163916593417525291e-03
2.163916593417525291e-03
2.163916593417525291e-03
2.163916593417525291e-03
2.163916593417525291e-03
2.163916593417525291e-03
2.163916593417525291e-03
2.163916593417525291e-03
2.163916593417525291e-03
2.163916593417525291e-03
1.893427106551826000e-03
1.893427106551826000e-03
1.893427106551826000e-03
1.893427106551826000e-03
1.893427106551826000e-03
1.893427106551826000e-03
1.893427106551826000e-03
1.893427106551826000e-03
1.893427106551826000e-03
1.893427106551826000e-03
1.893427106551826000e-03
1.893427106551826000e-03
1.893427106551826000e-03
1.893427106551826000e-03
1.893427106551826000e-03
1.622937503270804882e-03
1.622937503270804882e-03
1.622937503270804882e-03
1.622937503270804882e-03
1.622937503270804882e-03
1.622937503270804882e-03
1.622937503270804882e-03
1.622937503270804882e-03
1.622937503270804882e-03
1.622937503270804882e-03
1.622937503270804882e-03
1.622937503270804882e-03
1.622937503270804882e-03
1.622937503270804882e-03
1.622937503270804882e-03
1.622937503270804882e-03
1.622937503270804882e-03
1.622937503270804882e-03
1.622937503270804882e-03
1.622937503270804882e-03
1.622937503270804882e-03
1.622937503270804882e-03
1.622937503270804882e-03
1.622937503270804882e-03
1.622937503270804882e-03
1.622937503270804882e-03
1.622937503270804882e-03
1.622937503270804882e-03
1.622937503270804882e-03
1.622937503270804882e-03
1.622937503270804882e-03
1.622937503270804882e-03
1.352447899989783764e-03
1.352447899989783764e-03
1.352447899989783764e-03
1.352447899989783764e-03
1.081958296708762646e-03
1.081958296708762646e-03
1.081958296708762646e-03
1.081958296708762646e-03
1.081958296708762646e-03
1.081958296708762646e-03
1.081958296708762646e-03
1.081958296708762646e-03
1.081958296708762646e-03
1.081958296708762646e-03
1.081958296708762646e-03
1.081958296708762646e-03
1.081958296708762646e-03
1.081958296708762646e-03
1.081958296708762646e-03
1.081958296708762646e-03
1.081958296708762646e-03
1.081958296708762646e-03
1.081958296708762646e-03
1.081958296708762646e-03
1.081958296708762646e-03
1.081958296708762646e-03
1.081958296708762646e-03
1.081958296708762646e-03
1.081958296708762646e-03
1.081958296708762646e-03
1.081958296708762646e-03
1.081958296708762646e-03
1.081958296708762646e-03
1.081958296708762646e-03
1.081958296708762646e-03
1.081958296708762646e-03
1.081958296708762646e-03
1.081958296708762646e-03
1.081958296708762646e-03
1.081958296708762646e-03
1.081958296708762646e-03
1.081958296708762646e-03
1.081958296708762646e-03
1.081958296708762646e-03
1.081958296708762646e-03
1.081958296708762646e-03
1.081958296708762646e-03
1.081958296708762646e-03
1.081958296708762646e-03
1.081958296708762646e-03
1.081958296708762646e-03
1.081958296708762646e-03
1.081958296708762646e-03
1.081958296708762646e-03
1.081958296708762646e-03
1.081958296708762646e-03
1.081958296708762646e-03
8.114687516354024410e-04
8.114687516354024410e-04
8.114687516354024410e-04
8.114687516354024410e-04
8.114687516354024410e-04
8.114687516354024410e-04
8.114687516354024410e-04
8.114687516354024410e-04
8.114687516354024410e-04
8.114687516354024410e-04
8.114687516354024410e-04
8.114687516354024410e-04
8.114687516354024410e-04
8.114687516354024410e-04
8.114687516354024410e-04
8.114687516354024410e-04
8.114687516354024410e-04
8.114687516354024410e-04
8.114687516354024410e-04
8.114687516354024410e-04
8.114687516354024410e-04
8.114687516354024410e-04
8.114687516354024410e-04
8.114687516354024410e-04
8.114687516354024410e-04
8.114687516354024410e-04
5.409791483543813229e-04
5.409791483543813229e-04
5.409791483543813229e-04
5.409791483543813229e-04
5.409791483543813229e-04
5.409791483543813229e-04
5.409791483543813229e-04
5.409791483543813229e-04
5.409791483543813229e-04
5.409791483543813229e-04
5.409791483543813229e-04
5.409791483543813229e-04
5.409791483543813229e-04
5.409791483543813229e-04
5.409791483543813229e-04
5.409791483543813229e-04
5.409791483543813229e-04
5.409791483543813229e-04
5.409791483543813229e-04
5.409791483543813229e-04
5.409791483543813229e-04
5.409791483543813229e-04
5.409791483543813229e-04
5.409791483543813229e-04
5.409791483543813229e-04
5.409791483543813229e-04
5.409791483543813229e-04
5.409791483543813229e-04
5.409791483543813229e-04
5.409791483543813229e-04
5.409791483543813229e-04
5.409791483543813229e-04
5.409791483543813229e-04
5.409791483543813229e-04
5.409791483543813229e-04
5.409791483543813229e-04
5.409791483543813229e-04
5.409791483543813229e-04
5.409791483543813229e-04
2.704895741771906614e-04
2.704895741771906614e-04
2.704895741771906614e-04
2.704895741771906614e-04
2.704895741771906614e-04
2.704895741771906614e-04
2.704895741771906614e-04
2.704895741771906614e-04
2.704895741771906614e-04
2.704895741771906614e-04
2.704895741771906614e-04
2.704895741771906614e-04
2.704895741771906614e-04
2.704895741771906614e-04
2.704895741771906614e-04
2.704895741771906614e-04
2.704895741771906614e-04
2.704895741771906614e-04
2.704895741771906614e-04
2.704895741771906614e-04
2.704895741771906614e-04
2.704895741771906614e-04
2.704895741771906614e-04
2.704895741771906614e-04
2.704895741771906614e-04
2.704895741771906614e-04
2.704895741771906614e-04
2.704895741771906614e-04
2.704895741771906614e-04
2.704895741771906614e-04
2.704895741771906614e-04
2.704895741771906614e-04
2.704895741771906614e-04
0.000000000000000000e+00
0.000000000000000000e+00
0.000000000000000000e+00
0.000000000000000000e+00
0.000000000000000000e+00
0.000000000000000000e+00
0.000000000000000000e+00
0.000000000000000000e+00
0.000000000000000000e+00
0.000000000000000000e+00
0.000000000000000000e+00
