5.057502985000610352e-01
5.591267347335815430e-01
5.619280338287353516e-01
5.850945711135864258e-01
6.042762994766235352e-01
6.207129359245300293e-01
6.313617825508117676e-01
6.374695897102355957e-01
6.426568627357482910e-01
6.485577821731567383e-01
6.552217602729797363e-01
6.604760289192199707e-01
6.622648239135742188e-01
6.663631200790405273e-01
6.681884527206420898e-01
6.693503856658935547e-01
6.728008985519409180e-01
6.754110455513000488e-01
6.799330711364746094e-01
6.819115281105041504e-01
6.835798621177673340e-01
6.867356300354003906e-01
6.874057054519653320e-01
6.889644861221313477e-01
6.898902058601379395e-01
6.935667991638183594e-01
6.958930492401123047e-01
6.967087388038635254e-01
6.985223293304443359e-01
6.997499465942382812e-01
7.014464735984802246e-01
7.028803229331970215e-01
7.051406502723693848e-01
7.063738703727722168e-01
7.071414589881896973e-01
7.077732086181640625e-01
7.090979814529418945e-01
7.100684046745300293e-01
7.108716964721679688e-01
7.125736474990844727e-01
7.131615281105041504e-01
7.138073444366455078e-01
7.259229421615600586e-01
7.261952757835388184e-01
7.271629571914672852e-01
7.282806038856506348e-01
7.296041846275329590e-01
7.302325367927551270e-01
7.330491542816162109e-01
7.344322204589843750e-01
7.350305318832397461e-01
7.365733981132507324e-01
7.367668151855468750e-01
7.383732795715332031e-01
7.392820715904235840e-01
7.400863170623779297e-01
7.480249404907226562e-01
7.492711544036865234e-01
7.502084970474243164e-01
7.511482238769531250e-01
7.515670657157897949e-01
7.528254389762878418e-01
7.534562349319458008e-01
7.555135488510131836e-01
7.561488151550292969e-01
7.571097612380981445e-01
7.576971650123596191e-01
7.586570978164672852e-01
7.593571543693542480e-01
7.605932354927062988e-01
7.612383365631103516e-01
7.641288042068481445e-01
7.647309899330139160e-01
7.651207447052001953e-01
7.658891677856445312e-01
7.665452957153320312e-01
7.683057785034179688e-01
7.687016129493713379e-01
7.698104977607727051e-01
7.702586054801940918e-01
7.708737850189208984e-01
7.714902758598327637e-01
7.723243236541748047e-01
7.729437351226806641e-01
7.739488482475280762e-01
7.741865515708923340e-01
7.758695483207702637e-01
7.790901064872741699e-01
7.797241210937500000e-01
7.798728346824645996e-01
7.805092334747314453e-01
7.811951041221618652e-01
7.821782231330871582e-01
7.829440236091613770e-01
7.834914922714233398e-01
7.844827771186828613e-01
7.853507399559020996e-01
7.859991192817687988e-01
7.866962552070617676e-01
7.877442240715026855e-01
7.882221937179565430e-01
7.890051007270812988e-01
7.897081971168518066e-01
7.903657555580139160e-01
7.910248041152954102e-01
7.942497730255126953e-01
7.944681644439697266e-01
7.946408390998840332e-01
7.951318621635437012e-01
7.957571744918823242e-01
7.963841557502746582e-01
7.974655032157897949e-01
7.979614734649658203e-01
7.984126806259155273e-01
7.986835837364196777e-01
7.995454668998718262e-01
8.002730011940002441e-01
8.009564876556396484e-01
8.016868233680725098e-01
8.029680252075195312e-01
8.034285902976989746e-01
8.032487034797668457e-01
8.038946390151977539e-01
8.041733503341674805e-01
8.048668503761291504e-01
8.056066036224365234e-01
8.080831170082092285e-01
8.085991740226745605e-01
8.094466328620910645e-01
8.098330497741699219e-01
8.107731342315673828e-01
8.115268349647521973e-01
8.122382760047912598e-01
8.127620220184326172e-01
8.131560683250427246e-01
8.134484887123107910e-01
8.143992424011230469e-01
8.142255544662475586e-01
8.148581981658935547e-01
8.151536583900451660e-01
8.158327341079711914e-01
8.163649439811706543e-01
8.173257708549499512e-01
8.182889223098754883e-01
8.200945854187011719e-01
8.210650682449340820e-01
8.216062784194946289e-01
8.223434686660766602e-01
8.228870034217834473e-01
8.236272931098937988e-01
8.241313695907592773e-01
8.246366381645202637e-01
8.251431584358215332e-01
8.256091475486755371e-01
8.261597156524658203e-01
8.266698718070983887e-01
8.269829750061035156e-01
8.274952173233032227e-01
8.284890651702880859e-01
8.298435807228088379e-01
8.301613926887512207e-01
8.309213519096374512e-01
8.314823508262634277e-01
8.320038914680480957e-01
8.330106735229492188e-01
8.354799747467041016e-01
8.355231285095214844e-01
8.363370895385742188e-01
8.374816775321960449e-01
8.378114104270935059e-01
8.383467793464660645e-01
8.389229178428649902e-01
8.397058844566345215e-01
8.407362103462219238e-01
8.412776589393615723e-01
8.423123955726623535e-01
8.431034684181213379e-01
8.438964486122131348e-01
8.446530103683471680e-01
8.452410101890563965e-01
8.455445766448974609e-01
8.460966348648071289e-01
8.473775982856750488e-01
8.482209444046020508e-01
8.484546542167663574e-01
8.488023877143859863e-01
8.495752215385437012e-01
8.501375913619995117e-01
8.512024283409118652e-01
8.518053889274597168e-01
8.528746962547302246e-01
8.534439206123352051e-01
8.550176620483398438e-01
8.553395867347717285e-01
8.559514880180358887e-01
8.570343852043151855e-01
8.579027652740478516e-01
8.587369918823242188e-01
8.593551516532897949e-01
8.596848249435424805e-01
8.602697849273681641e-01
8.608629107475280762e-01
8.612318038940429688e-01
8.618218898773193359e-01
8.627049326896667480e-01
8.632982969284057617e-01
8.636713624000549316e-01
8.642673492431640625e-01
8.651569485664367676e-01
8.657562732696533203e-01
8.663915395736694336e-01
8.669937849044799805e-01
8.673733472824096680e-01
8.677194118499755859e-01
8.683255314826965332e-01
8.700286149978637695e-01
8.703799843788146973e-01
8.710265755653381348e-01
8.716410398483276367e-01
8.722904324531555176e-01
8.729079365730285645e-01
8.732984066009521484e-01
8.733944892883300781e-01
8.740488290786743164e-01
8.744088411331176758e-01
8.745718002319335938e-01
8.751978874206542969e-01
8.758584260940551758e-01
8.767521977424621582e-01
8.776482939720153809e-01
8.785468339920043945e-01
8.791821599006652832e-01
8.795533180236816406e-01
8.799574375152587891e-01
8.803305029869079590e-01
8.812699913978576660e-01
8.813785910606384277e-01
8.835836648941040039e-01
8.842331171035766602e-01
8.840774893760681152e-01
8.844910860061645508e-01
8.848746418952941895e-01
8.852901458740234375e-01
8.859459161758422852e-01
8.863636255264282227e-01
8.871405124664306641e-01
8.872895240783691406e-01
8.882241249084472656e-01
8.891913890838623047e-01
8.898582458496093750e-01
8.900108933448791504e-01
8.906804919242858887e-01
8.920843601226806641e-01
8.927592039108276367e-01
8.929159641265869141e-01
8.933186531066894531e-01
8.937517404556274414e-01
8.944031000137329102e-01
8.951145410537719727e-01
8.960751891136169434e-01
8.967902660369873047e-01
8.978912234306335449e-01
8.985829353332519531e-01
8.990264534950256348e-01
8.994429111480712891e-01
8.996095657348632812e-01
9.002793431282043457e-01
9.006715416908264160e-01
9.008125662803649902e-01
9.007012844085693359e-01
9.005618095397949219e-01
9.010123610496520996e-01
9.016901254653930664e-01
9.026523828506469727e-01
9.033625125885009766e-01
9.038189649581909180e-01
9.042493104934692383e-01
9.049915075302124023e-01
9.051405787467956543e-01
9.060899019241333008e-01
9.062411189079284668e-01
9.067047238349914551e-01
9.077143073081970215e-01
9.081807732582092285e-01
9.086221456527709961e-01
9.089865088462829590e-01
9.091693162918090820e-01
9.096142649650573730e-01
9.100605249404907227e-01
9.107967615127563477e-01
9.112460017204284668e-01
9.111175537109375000e-01
9.115942120552062988e-01
9.120464324951171875e-01
9.122348427772521973e-01
9.126891493797302246e-01
9.128788113594055176e-01
9.132846593856811523e-01
9.134755730628967285e-01
9.144948720932006836e-01
9.149809479713439941e-01
9.151497483253479004e-01
9.162011146545410156e-01
9.169611334800720215e-01
9.174528121948242188e-01
9.179214835166931152e-01
9.181200265884399414e-01
9.188868999481201172e-01
9.190871119499206543e-01
9.195606708526611328e-01
9.199404716491699219e-01
9.201430082321166992e-01
9.206207394599914551e-01
9.208246469497680664e-01
9.210053682327270508e-01
9.225225448608398438e-01
9.227067828178405762e-01
9.232159256935119629e-01
9.234017133712768555e-01
9.240314960479736328e-01
9.248257279396057129e-01
9.253414273262023926e-01
9.255319237709045410e-01
9.257456064224243164e-01
9.256324172019958496e-01
9.263447523117065430e-01
9.262320399284362793e-01
9.264480471611022949e-01
9.262672662734985352e-01
9.270993471145629883e-01
9.272951483726501465e-01
9.281308054924011230e-01
9.283286929130554199e-01
9.282178282737731934e-01
9.284386634826660156e-01
9.286379218101501465e-01
9.296388626098632812e-01
9.301527738571166992e-01
9.306899905204772949e-01
9.308943152427673340e-01
9.311208724975585938e-01
9.315541386604309082e-01
9.314680695533752441e-01
9.319899082183837891e-01
9.322194457054138184e-01
9.321123957633972168e-01
9.323427081108093262e-01
9.325522780418395996e-01
9.326770305633544922e-01
9.328880310058593750e-01
9.330570697784423828e-01
9.335887432098388672e-01
9.335038065910339355e-01
9.333973526954650879e-01
9.339320063591003418e-01
9.341471195220947266e-01
9.340624213218688965e-01
9.348596930503845215e-01
9.350775480270385742e-01
9.353169202804565430e-01
9.352121949195861816e-01
9.351280927658081055e-01
9.353476166725158691e-01
9.355888366699218750e-01
9.364613890647888184e-01
9.363784790039062500e-01
9.362745285034179688e-01
9.365183115005493164e-01
9.373975992202758789e-01
9.379717707633972168e-01
9.388157725334167480e-01
9.387351870536804199e-01
9.396238923072814941e-01
9.398744702339172363e-01
9.400066137313842773e-01
9.402588605880737305e-01
9.411569237709045410e-01
9.417443275451660156e-01
9.423140883445739746e-01
9.429048299789428711e-01
9.431437849998474121e-01
9.433835744857788086e-01
9.436430931091308594e-01
9.441453814506530762e-01
9.444069862365722656e-01
9.449881911277770996e-01
9.459276795387268066e-01
9.458178281784057617e-01
9.460834264755249023e-01
9.459918737411499023e-01
9.462584853172302246e-01
9.461669325828552246e-01
9.464346766471862793e-01
9.463431239128112793e-01
9.469178318977355957e-01
9.471698403358459473e-01
9.474407434463500977e-01
9.476944208145141602e-01
9.475861787796020508e-01
9.474956989288330078e-01
9.474230408668518066e-01
9.476603269577026367e-01
9.479347467422485352e-01
9.481919407844543457e-01
9.480655193328857422e-01
9.479930400848388672e-01
9.482517242431640625e-01
9.492297172546386719e-01
9.490513205528259277e-01
9.493314623832702637e-01
9.492421746253967285e-01
9.502294659614562988e-01
9.501414299011230469e-01
9.507790207862854004e-01
9.514012336730957031e-01
9.516873955726623535e-01
9.519572854042053223e-01
9.518887996673583984e-01
9.525169730186462402e-01
9.524490237236022949e-01
9.523639082908630371e-01
9.522955417633056641e-01
9.525691866874694824e-01
9.524324536323547363e-01
9.527075886726379395e-01
9.530007243156433105e-01
9.536399841308593750e-01
9.539354443550109863e-01
9.538517594337463379e-01
9.537677168846130371e-01
9.537003040313720703e-01
9.535478949546813965e-01
9.534798264503479004e-01
9.533944725990295410e-01
9.536935091018676758e-01
9.539425373077392578e-01
9.538745284080505371e-01
9.541589617729187012e-01
9.548315405845642090e-01
9.551187157630920410e-01
9.550520181655883789e-01
9.553405046463012695e-01
9.556466937065124512e-01
9.563106894493103027e-01
9.566193222999572754e-01
9.565380215644836426e-01
9.564728140830993652e-01
9.567669034004211426e-01
9.574548006057739258e-01
9.577518105506896973e-01
9.580340385437011719e-01
9.583333134651184082e-01
9.586337804794311523e-01
9.589509963989257812e-01
9.592536091804504395e-01
9.591914415359497070e-01
9.591134786605834961e-01
9.590508937835693359e-01
9.589723944664001465e-01
9.589093923568725586e-01
9.599537849426269531e-01
9.598920345306396484e-01
9.602009057998657227e-01
9.601393342018127441e-01
9.600310325622558594e-01
9.603575468063354492e-01
9.610592126846313477e-01
9.613733887672424316e-01
9.616888165473937988e-01
9.616287946701049805e-01
9.615535736083984375e-01
9.614931344985961914e-01
9.614173173904418945e-01
9.617508053779602051e-01
9.620703458786010742e-01
9.620102643966674805e-01
9.623314738273620605e-01
9.622566699981689453e-01
9.625945091247558594e-01
9.629186391830444336e-01
9.628594517707824707e-01
9.631852507591247559e-01
9.635270833969116211e-01
9.634538292884826660e-01
9.637972712516784668e-01
9.636950492858886719e-01
9.640403985977172852e-01
9.639676213264465332e-01
9.643002152442932129e-01
9.642276167869567871e-01
9.645765423774719238e-01
9.645043015480041504e-01
9.652636051177978516e-01
9.655737876892089844e-01
9.655172228813171387e-01
9.658576846122741699e-01
9.658014178276062012e-01
9.657307863235473633e-01
9.660876989364624023e-01
9.660174250602722168e-01
9.663621187210083008e-01
9.663061499595642090e-01
9.666527509689331055e-01
9.674321413040161133e-01
9.682008624076843262e-01
9.685666561126708984e-01
9.685006141662597656e-01
9.688683152198791504e-01
9.688026905059814453e-01
9.687368273735046387e-01
9.690939784049987793e-01
9.694656729698181152e-01
9.698257446289062500e-01
9.697743654251098633e-01
9.700470566749572754e-01
9.699957370758056641e-01
9.699054360389709473e-01
9.702842235565185547e-01
9.710832834243774414e-01
9.710332751274108887e-01
9.714038372039794922e-01
9.713541865348815918e-01
9.712918400764465332e-01
9.712293148040771484e-01
9.720157384872436523e-01
9.723926186561584473e-01
9.723441600799560547e-01
9.731632471084594727e-01
9.731159210205078125e-01
9.730565547943115234e-01
9.730088710784912109e-01
9.738359451293945312e-01
9.737894535064697266e-01
9.741532802581787109e-01
9.745535850524902344e-01
9.753915071487426758e-01
9.757956266403198242e-01
9.757412672042846680e-01
9.756647348403930664e-01
9.756097793579101562e-01
9.755656123161315918e-01
9.755101799964904785e-01
9.754433631896972656e-01
9.758431911468505859e-01
9.762557148933410645e-01
9.766590595245361328e-01
9.766162037849426270e-01
9.765625000000000000e-01
9.765084981918334961e-01
9.764651656150817871e-01
9.763888716697692871e-01
9.763450622558593750e-01
9.767550230026245117e-01
9.771774411201477051e-01
9.771241545677185059e-01
9.770813584327697754e-01
9.770276546478271484e-01
9.774541854858398438e-01
9.774011373519897461e-01
9.773585200309753418e-01
9.777777791023254395e-01
9.777356982231140137e-01
9.781576395034790039e-01
9.781160950660705566e-01
9.780638813972473145e-01
9.780219793319702148e-01
9.784482717514038086e-01
9.784069061279296875e-01
9.783549904823303223e-01
9.787951707839965820e-01
9.787439703941345215e-01
9.796609878540039062e-01
9.796215295791625977e-01
9.795719981193542480e-01
9.800195097923278809e-01
9.799706935882568359e-01
9.799314737319946289e-01
9.803536534309387207e-01
9.803149700164794922e-01
9.802663922309875488e-01
9.802274107933044434e-01
9.801784157752990723e-01
9.806355237960815430e-01
9.805873632431030273e-01
9.805486202239990234e-01
9.804999828338623047e-01
9.804609417915344238e-01
9.804118275642395020e-01
9.803724288940429688e-01
9.803228974342346191e-01
9.807886481285095215e-01
9.807400107383728027e-01
9.807008504867553711e-01
9.811608791351318359e-01
9.811224341392517090e-01
9.810741543769836426e-01
9.810256361961364746e-01
9.809866547584533691e-01
9.809376597404479980e-01
9.808983206748962402e-01
9.808488488197326660e-01
9.808091521263122559e-01
9.812792539596557617e-01
9.812206625938415527e-01
9.811715483665466309e-01
9.811221957206726074e-01
9.810725450515747070e-01
9.815595149993896484e-01
9.815108180046081543e-01
9.814618825912475586e-01
9.814126491546630859e-01
9.813730716705322266e-01
9.813233613967895508e-01
9.812834262847900391e-01
9.817694425582885742e-01
9.817302823066711426e-01
9.816810488700866699e-01
9.816414713859558105e-01
9.815917611122131348e-01
9.820846915245056152e-01
9.825897812843322754e-01
9.825327396392822266e-01
9.824945330619812012e-01
9.829950928688049316e-01
9.829576611518859863e-01
9.829106926918029785e-01
9.828729033470153809e-01
9.828254580497741699e-01
9.827873110771179199e-01
9.827394485473632812e-01
9.827008843421936035e-01
9.826524853706359863e-01
9.826135635375976562e-01
9.825646877288818359e-01
9.825253486633300781e-01
9.830316901206970215e-01
9.829931855201721191e-01
9.829351305961608887e-01
9.828962087631225586e-01
9.828473329544067383e-01
9.828079938888549805e-01
9.827586412429809570e-01
9.838616847991943359e-01
9.838243722915649414e-01
9.837775230407714844e-01
9.843205809593200684e-01
9.842749238014221191e-01
9.842382073402404785e-01
9.841920137405395508e-01
9.841549396514892578e-01
9.841082692146301270e-01
9.840707778930664062e-01
9.846153855323791504e-01
9.851543903350830078e-01
9.851101636886596680e-01
9.850746393203735352e-01
9.850299358367919922e-01
9.849939942359924316e-01
9.849215745925903320e-01
9.848851561546325684e-01
9.848393201828002930e-01
9.848024249076843262e-01
9.847561120986938477e-01
9.847187995910644531e-01
9.846437573432922363e-01
9.846059083938598633e-01
9.845583438873291016e-01
9.845105409622192383e-01
9.844720363616943359e-01
9.844236969947814941e-01
9.843847751617431641e-01
9.843358397483825684e-01
9.842965006828308105e-01
9.842470288276672363e-01
9.842072129249572754e-01
9.841571450233459473e-01
9.841169118881225586e-01
9.840663075447082520e-01
9.840255379676818848e-01
9.839743375778198242e-01
9.845758080482482910e-01
9.845260977745056152e-01
9.844861030578613281e-01
9.844357967376708984e-01
9.843953251838684082e-01
9.843444228172302246e-01
9.843034744262695312e-01
9.849081635475158691e-01
9.855167865753173828e-01
9.854689836502075195e-01
9.854208230972290039e-01
9.860464930534362793e-01
9.866666793823242188e-01
9.866310358047485352e-01
9.865862131118774414e-01
9.865500926971435547e-01
9.864956140518188477e-01
9.864590167999267578e-01
9.870748519897460938e-01
9.870395660400390625e-01
9.869862794876098633e-01
9.869505763053894043e-01
9.869055747985839844e-01
9.875259995460510254e-01
9.874826073646545410e-01
9.874389171600341797e-01
9.873949289321899414e-01
9.873595237731933594e-01
9.873149991035461426e-01
9.872611761093139648e-01
9.872159361839294434e-01
9.871794581413269043e-01
9.871336817741394043e-01
9.870967864990234375e-01
9.870503544807434082e-01
9.869847893714904785e-01
9.869470596313476562e-01
9.868995547294616699e-01
9.868612885475158691e-01
9.875457882881164551e-01
9.875091910362243652e-01
9.874445796012878418e-01
9.873980879783630371e-01
9.873511791229248047e-01
9.873134493827819824e-01
9.872659444808959961e-01
9.872276186943054199e-01
9.871794581413269043e-01
9.871407151222229004e-01
9.870918989181518555e-01
9.870525598526000977e-01
9.870030283927917480e-01
9.869632124900817871e-01
9.869130253791809082e-01
9.876447916030883789e-01
9.875968694686889648e-01
9.875389337539672852e-01
9.874902367591857910e-01
9.874411225318908691e-01
9.874015450477600098e-01
9.873517751693725586e-01
9.881047010421752930e-01
9.888268113136291504e-01
9.887910485267639160e-01
9.887459874153137207e-01
9.895161390304565430e-01
9.894737005233764648e-01
9.894394874572753906e-01
9.893963932991027832e-01
9.893617033958435059e-01
9.893180131912231445e-01
9.892827868461608887e-01
9.892383813858032227e-01
9.892026782035827637e-01
9.891576170921325684e-01
9.891213178634643555e-01
9.890756011009216309e-01
9.890387654304504395e-01
9.898391366004943848e-01
9.898045659065246582e-01
9.897523522377014160e-01
9.897084236145019531e-01
9.896729588508605957e-01
9.896283745765686035e-01
9.895923733711242676e-01
9.895470142364501953e-01
9.903846383094787598e-01
9.903423786163330078e-01
9.903083443641662598e-01
9.902654886245727539e-01
9.902309179306030273e-01
9.901873469352722168e-01
9.901433587074279785e-01
9.900990128517150879e-01
9.900632500648498535e-01
9.900090694427490234e-01
9.899726510047912598e-01
9.908257126808166504e-01
9.907919168472290039e-01
9.907492995262145996e-01
9.907149672508239746e-01
9.906716346740722656e-01
9.906367063522338867e-01
9.905926585197448730e-01
9.905571341514587402e-01
9.905123114585876465e-01
9.904671311378479004e-01
9.904305934906005859e-01
9.903846383094787598e-01
9.903475046157836914e-01
9.912706017494201660e-01
9.912366271018981934e-01
9.911937117576599121e-01
9.911591410636901855e-01
9.911155104637145996e-01
9.910802841186523438e-01
9.910358786582946777e-01
9.909999966621398926e-01
9.919598102569580078e-01
9.919273257255554199e-01
9.918864369392395020e-01
9.918533563613891602e-01
9.918116927146911621e-01
9.917525649070739746e-01
9.917098283767700195e-01
9.916753172874450684e-01
9.916318058967590332e-01
9.915966391563415527e-01
9.915522933006286621e-01
9.914802908897399902e-01
9.914438724517822266e-01
9.913978576660156250e-01
9.913606643676757812e-01
9.913138151168823242e-01
9.912759065628051758e-01
9.912280440330505371e-01
9.911894202232360840e-01
9.911406636238098145e-01
9.911012053489685059e-01
9.910514354705810547e-01
9.910011291503906250e-01
9.909502267837524414e-01
9.909090995788574219e-01
9.907833933830261230e-01
9.907407164573669434e-01
9.906868338584899902e-01
9.906432628631591797e-01
9.905882477760314941e-01
9.905437231063842773e-01
9.904875159263610840e-01
9.916368126869201660e-01
9.915865659713745117e-01
9.914841651916503906e-01
9.914320707321166992e-01
9.913793206214904785e-01
9.913366436958312988e-01
9.912827014923095703e-01
9.912390708923339844e-01
9.911838769912719727e-01
9.911392331123352051e-01
9.910827875137329102e-01
9.910371303558349609e-01
9.909793734550476074e-01
9.909326434135437012e-01
9.908735156059265137e-01
9.908257126808166504e-01
9.907651543617248535e-01
9.907161593437194824e-01
9.906542301177978516e-01
9.919462800025939941e-01
9.932432174682617188e-01
9.932065010070800781e-01
9.931600689888000488e-01
9.930939078330993652e-01
9.930459260940551758e-01
9.930070042610168457e-01
9.929577708244323730e-01
9.929078221321105957e-01
9.928673505783081055e-01
9.942528605461120605e-01
9.942196607589721680e-01
9.941775798797607422e-01
9.941434860229492188e-01
9.941002726554870605e-01
9.940652847290039062e-01
9.940209388732910156e-01
9.939849376678466797e-01
9.939393997192382812e-01
9.939024448394775391e-01
9.938555955886840820e-01
9.938176274299621582e-01
9.937694668769836426e-01
9.937304258346557617e-01
9.936808943748474121e-01
9.936407208442687988e-01
9.935897588729858398e-01
9.935483932495117188e-01
9.934959411621093750e-01
9.934533834457397461e-01
9.933993220329284668e-01
9.933333396911621094e-01
9.932885766029357910e-01
9.932318329811096191e-01
9.931856989860534668e-01
9.948453903198242188e-01
9.947552680969238281e-01
9.947090148925781250e-01
9.946714043617248535e-01
9.946236610412597656e-01
9.945848584175109863e-01
9.944547414779663086e-01
9.944134354591369629e-01
9.943609237670898438e-01
9.943181872367858887e-01
9.942638874053955078e-01
9.942196607589721680e-01
9.941634535789489746e-01
9.941176176071166992e-01
9.940593838691711426e-01
9.940119981765747070e-01
9.939516186714172363e-01
9.939024448394775391e-01
9.938398599624633789e-01
9.937888383865356445e-01
9.937238693237304688e-01
9.936575293540954590e-01
9.936034083366394043e-01
9.935345053672790527e-01
9.934782385826110840e-01
9.934065937995910645e-01
9.933481216430664062e-01
9.932735562324523926e-01
9.931972622871398926e-01
9.954128265380859375e-01
9.953703880310058594e-01
9.953161478042602539e-01
9.952718615531921387e-01
9.952152967453002930e-01
9.951573610305786133e-01
9.950980544090270996e-01
9.950494766235351562e-01
9.949874877929687500e-01
9.949367046356201172e-01
9.947916865348815918e-01
9.947368502616882324e-01
9.946666955947875977e-01
9.946091771125793457e-01
9.945355057716369629e-01
9.944598078727722168e-01
9.943977594375610352e-01
9.943181872367858887e-01
9.942528605461120605e-01
9.941691160202026367e-01
9.939576983451843262e-01
9.938650131225585938e-01
9.937888383865356445e-01
9.936908483505249023e-01
9.936102032661437988e-01
9.935064911842346191e-01
9.934210777282714844e-01
9.933110475540161133e-01
9.929824471473693848e-01
9.928571581840515137e-01
9.927536249160766602e-01
9.926199316978454590e-01
9.925093650817871094e-01
9.923664331436157227e-01
9.922480583190917969e-01
9.920948743820190430e-01
9.919678568840026855e-01
9.918032884597778320e-01
9.916666746139526367e-01
9.906542301177978516e-01
9.904305934906005859e-01
9.902439117431640625e-01
9.900000095367431641e-01
9.897959232330322266e-01
9.895287752151489258e-01
9.893048405647277832e-01
9.890109896659851074e-01
9.887640476226806641e-01
9.884393215179443359e-01
9.881656765937805176e-01
9.878048896789550781e-01
9.874213933944702148e-01
9.870129823684692383e-01
9.866666793823242188e-01
9.862068891525268555e-01
9.858155846595764160e-01
9.852941036224365234e-01
9.848484992980957031e-01
9.842519760131835938e-01
9.837398529052734375e-01
9.830508232116699219e-01
9.824561476707458496e-01
9.816513657569885254e-01
9.903846383094787598e-01
9.900000095367431641e-01
9.894737005233764648e-01
9.890109896659851074e-01
9.883720874786376953e-01
9.878048896789550781e-01
9.870129823684692383e-01
9.863013625144958496e-01
9.852941036224365234e-01
1.000000000000000000e+00
1.000000000000000000e+00
1.000000000000000000e+00
1.000000000000000000e+00
1.000000000000000000e+00
1.000000000000000000e+00
1.000000000000000000e+00
1.000000000000000000e+00
1.000000000000000000e+00
1.000000000000000000e+00
1.000000000000000000e+00
1.000000000000000000e+00
1.000000000000000000e+00
1.000000000000000000e+00
