5.057502985000610352e-01
5.644519329071044922e-01
5.899119377136230469e-01
6.075028777122497559e-01
6.210508346557617188e-01
6.342896819114685059e-01
6.369161605834960938e-01
6.461673974990844727e-01
6.488495469093322754e-01
6.562220454216003418e-01
6.597622632980346680e-01
6.622061729431152344e-01
6.658784747123718262e-01
6.675789356231689453e-01
6.692279577255249023e-01
6.741656064987182617e-01
6.760355234146118164e-01
6.785449385643005371e-01
6.831775903701782227e-01
6.844077706336975098e-01
6.853869557380676270e-01
6.902554631233215332e-01
6.994430422782897949e-01
7.016766071319580078e-01
7.033030986785888672e-01
7.044706940650939941e-01
7.079198360443115234e-01
7.089668512344360352e-01
7.095451951026916504e-01
7.104027867317199707e-01
7.116552591323852539e-01
7.122965455055236816e-01
7.138080000877380371e-01
7.216802835464477539e-01
7.232641577720642090e-01
7.233319878578186035e-01
7.246347665786743164e-01
7.254862785339355469e-01
7.259586453437805176e-01
7.285369038581848145e-01
7.298606634140014648e-01
7.296805381774902344e-01
7.311588525772094727e-01
7.318458557128906250e-01
7.330353260040283203e-01
7.336724400520324707e-01
7.343654632568359375e-01
7.384615540504455566e-01
7.399259805679321289e-01
7.409923672676086426e-01
7.430813908576965332e-01
7.445663213729858398e-01
7.453377246856689453e-01
7.468853592872619629e-01
7.479725480079650879e-01
7.496351599693298340e-01
7.506786584854125977e-01
7.513592839241027832e-01
7.524607181549072266e-01
7.530398368835449219e-01
7.535684108734130859e-01
7.541500329971313477e-01
7.574539780616760254e-01
7.580952644348144531e-01
7.588472366333007812e-01
7.597622871398925781e-01
7.609527707099914551e-01
7.611749768257141113e-01
7.618844509124755859e-01
7.626973986625671387e-01
7.640017271041870117e-01
7.648191452026367188e-01
7.655379176139831543e-01
7.659300565719604492e-01
7.667526006698608398e-01
7.672618031501770020e-01
7.678725123405456543e-01
7.685344815254211426e-01
7.714657187461853027e-01
7.728062272071838379e-01
7.739054560661315918e-01
7.752073407173156738e-01
7.761748433113098145e-01
7.770240902900695801e-01
7.790697813034057617e-01
7.799999713897705078e-01
7.806863188743591309e-01
7.814015150070190430e-01
7.818222045898437500e-01
7.828104496002197266e-01
7.847314476966857910e-01
7.857301831245422363e-01
7.863818407058715820e-01
7.872577309608459473e-01
7.878652811050415039e-01
7.885216474533081055e-01
7.890031337738037109e-01
7.896621227264404297e-01
7.903695702552795410e-01
7.909376621246337891e-01
7.914234399795532227e-01
7.920880913734436035e-01
7.928009033203125000e-01
7.943102121353149414e-01
7.955676317214965820e-01
7.962418198585510254e-01
7.971441745758056641e-01
7.980485558509826660e-01
7.985464334487915039e-01
7.995905280113220215e-01
8.003187775611877441e-01
8.010029792785644531e-01
8.014605045318603516e-01
8.022857308387756348e-01
8.025171756744384766e-01
8.029782176017761230e-01
8.032110333442687988e-01
8.052486181259155273e-01
8.059460520744323730e-01
8.064144253730773926e-01
8.066974878311157227e-01
8.071230053901672363e-01
8.076388835906982422e-01
8.083429932594299316e-01
8.090044260025024414e-01
8.103207945823669434e-01
8.115097880363464355e-01
8.122667670249938965e-01
8.129815459251403809e-01
8.132741451263427734e-01
8.147714138031005859e-01
8.150668740272521973e-01
8.157894611358642578e-01
8.163217306137084961e-01
8.170472979545593262e-01
8.173462152481079102e-01
8.178386092185974121e-01
8.183750510215759277e-01
8.186332583427429199e-01
8.189349174499511719e-01
8.198198080062866211e-01
8.203607201576232910e-01
8.213352560997009277e-01
8.216409087181091309e-01
8.225768208503723145e-01
8.233611583709716797e-01
8.244985938072204590e-01
8.249940276145935059e-01
8.257430195808410645e-01
8.262956142425537109e-01
8.265256881713867188e-01
8.268398046493530273e-01
8.273537158966064453e-01
8.281099200248718262e-01
8.290680646896362305e-01
8.291445374488830566e-01
8.296224474906921387e-01
8.305865526199340820e-01
8.311089277267456055e-01
8.318756222724914551e-01
8.326441049575805664e-01
8.329681158065795898e-01
8.332520723342895508e-01
8.345552086830139160e-01
8.350868821144104004e-01
8.356600403785705566e-01
8.366846442222595215e-01
8.374662399291992188e-01
8.377979993820190430e-01
8.385826945304870605e-01
8.390833139419555664e-01
8.401184082031250000e-01
8.409484028816223145e-01
8.417408466339111328e-01
8.425352573394775391e-01
8.433076739311218262e-01
8.438975811004638672e-01
8.446988463401794434e-01
8.455405831336975098e-01
8.458468317985534668e-01
8.464419245719909668e-01
8.472499847412109375e-01
8.475975990295410156e-01
8.481583595275878906e-01
8.485076427459716797e-01
8.495730757713317871e-01
8.496732115745544434e-01
8.499873876571655273e-01
8.505920767784118652e-01
8.524797558784484863e-01
8.528369069099426270e-01
8.538812994956970215e-01
8.547486066818237305e-01
8.553267121315002441e-01
8.561974763870239258e-01
8.567788004875183105e-01
8.573979735374450684e-01
8.579820990562438965e-01
8.586039543151855469e-01
8.591910004615783691e-01
8.608472347259521484e-01
8.611825108528137207e-01
8.615543246269226074e-01
8.626288771629333496e-01
8.632611036300659180e-01
8.638594746589660645e-01
8.642358183860778809e-01
8.648368716239929199e-01
8.656987547874450684e-01
8.663378953933715820e-01
8.666840195655822754e-01
8.670655488967895508e-01
8.683524727821350098e-01
8.687369227409362793e-01
8.693493604660034180e-01
8.699973821640014648e-01
8.703509569168090820e-01
8.707394003868103027e-01
8.716198205947875977e-01
8.714848756790161133e-01
8.723683953285217285e-01
8.730242252349853516e-01
8.736481070518493652e-01
8.737787008285522461e-01
8.752978444099426270e-01
8.761929869651794434e-01
8.765596151351928711e-01
8.769598603248596191e-01
8.773283958435058594e-01
8.779643177986145020e-01
8.783351182937622070e-01
8.792735338211059570e-01
8.796469569206237793e-01
8.795180916786193848e-01
8.801608681678771973e-01
8.799677491188049316e-01
8.800752758979797363e-01
8.802153468132019043e-01
8.810999989509582520e-01
8.820194602012634277e-01
8.826709985733032227e-01
8.833559155464172363e-01
8.844902515411376953e-01
8.843648433685302734e-01
8.850231170654296875e-01
8.854110240936279297e-01
8.868284821510314941e-01
8.877662420272827148e-01
8.884026408195495605e-01
8.890106678009033203e-01
8.897119164466857910e-01
8.903846144676208496e-01
8.910890817642211914e-01
8.917653560638427734e-01
8.927488327026367188e-01
8.931529521942138672e-01
8.934698104858398438e-01
8.944305777549743652e-01
8.948682546615600586e-01
8.961111307144165039e-01
8.959955573081970215e-01
8.958217501640319824e-01
8.959263563156127930e-01
8.960603475570678711e-01
8.965035080909729004e-01
8.966386318206787109e-01
8.968031406402587891e-01
8.975006937980651855e-01
8.984243273735046387e-01
8.999436497688293457e-01
9.003950357437133789e-01
9.007914066314697266e-01
9.012450575828552246e-01
9.019552469253540039e-01
9.029511809349060059e-01
9.036110043525695801e-01
9.037859439849853516e-01
9.047619104385375977e-01
9.054825901985168457e-01
9.055253267288208008e-01
9.057036638259887695e-01
9.061423540115356445e-01
9.068965315818786621e-01
9.076259136199951172e-01
9.083837270736694336e-01
9.094852805137634277e-01
9.093804359436035156e-01
9.092490673065185547e-01
9.097242355346679688e-01
9.107558131217956543e-01
9.109429717063903809e-01
9.113960862159729004e-01
9.115586876869201660e-01
9.127123355865478516e-01
9.128776788711547852e-01
9.133626818656921387e-01
9.141176342964172363e-01
9.146054387092590332e-01
9.155345559120178223e-01
9.157303571701049805e-01
9.161978363990783691e-01
9.163948893547058105e-01
9.168646335601806641e-01
9.173603057861328125e-01
9.177592396736145020e-01
9.185560941696166992e-01
9.187331795692443848e-01
9.192342162132263184e-01
9.191132187843322754e-01
9.190161824226379395e-01
9.191949367523193359e-01
9.196992516517639160e-01
9.198794960975646973e-01
9.203860163688659668e-01
9.211718440055847168e-01
9.218181967735290527e-01
9.223065376281738281e-01
9.222120642662048340e-01
9.230067133903503418e-01
9.232175350189208984e-01
9.234055280685424805e-01
9.235240221023559570e-01
9.243260025978088379e-01
9.242331385612487793e-01
9.241167306900024414e-01
9.246385693550109863e-01
9.254466891288757324e-01
9.259716272354125977e-01
9.261661767959594727e-01
9.263841509819030762e-01
9.271994829177856445e-01
9.274193644523620605e-01
9.278157949447631836e-01
9.277033209800720215e-01
9.282371401786804199e-01
9.286831617355346680e-01
9.285938143730163574e-01
9.284818172454833984e-01
9.289978146553039551e-01
9.292007684707641602e-01
9.297416806221008301e-01
9.299242496490478516e-01
9.307181239128112793e-01
9.312421083450317383e-01
9.311548471450805664e-01
9.316809773445129395e-01
9.315940141677856445e-01
9.318037033081054688e-01
9.317166805267333984e-01
9.322467446327209473e-01
9.324799776077270508e-01
9.326922893524169922e-01
9.326059222221374512e-01
9.334191083908081055e-01
9.336553812026977539e-01
9.338709712028503418e-01
9.347545504570007324e-01
9.348671436309814453e-01
9.354315400123596191e-01
9.359766244888305664e-01
9.362186789512634277e-01
9.364407062530517578e-01
9.366840720176696777e-01
9.375612735748291016e-01
9.380530714988708496e-01
9.379513859748840332e-01
9.381985664367675781e-01
9.384260773658752441e-01
9.383245110511779785e-01
9.385530352592468262e-01
9.384717345237731934e-01
9.387011528015136719e-01
9.389515519142150879e-01
9.395148158073425293e-01
9.400399923324584961e-01
9.402935504913330078e-01
9.404881596565246582e-01
9.407432079315185547e-01
9.409791827201843262e-01
9.408999085426330566e-01
9.414732456207275391e-01
9.417116045951843262e-01
9.422882199287414551e-01
9.432240724563598633e-01
9.437669515609741211e-01
9.440298676490783691e-01
9.446143507957458496e-01
9.451261162757873535e-01
9.450324177742004395e-01
9.452991485595703125e-01
9.455479383468627930e-01
9.454732537269592285e-01
9.460666179656982422e-01
9.463364481925964355e-01
9.465885758399963379e-01
9.468598961830139160e-01
9.467680454254150391e-01
9.466943740844726562e-01
9.466019272804260254e-01
9.468011260032653809e-01
9.470567703247070312e-01
9.473317265510559082e-01
9.472396969795227051e-01
9.475157260894775391e-01
9.473499655723571777e-01
9.479789137840270996e-01
9.485553503036499023e-01
9.488355517387390137e-01
9.490986466407775879e-01
9.493805170059204102e-01
9.496454000473022461e-01
9.499289989471435547e-01
9.498398900032043457e-01
9.504809379577636719e-01
9.507494568824768066e-01
9.513938426971435547e-01
9.516648650169372559e-01
9.515781998634338379e-01
9.518331885337829590e-01
9.517464637756347656e-01
9.520375132560729980e-01
9.526734352111816406e-01
9.529666900634765625e-01
9.528814554214477539e-01
9.531760215759277344e-01
9.534206986427307129e-01
9.533527493476867676e-01
9.532676339149475098e-01
9.535648822784423828e-01
9.538123011589050293e-01
9.537444710731506348e-01
9.540272355079650879e-01
9.539594650268554688e-01
9.545958042144775391e-01
9.552680253982543945e-01
9.551851749420166016e-01
9.551187157630920410e-01
9.550353288650512695e-01
9.549683928489685059e-01
9.552572965621948242e-01
9.551904201507568359e-01
9.558548331260681152e-01
9.557886719703674316e-01
9.557057023048400879e-01
9.556391239166259766e-01
9.563088417053222656e-01
9.562429189682006836e-01
9.561602473258972168e-01
9.560938477516174316e-01
9.567690491676330566e-01
9.570831656455993652e-01
9.573495984077453613e-01
9.572845101356506348e-01
9.575850367546081543e-01
9.575200676918029785e-01
9.578220844268798828e-01
9.581413269042968750e-01
9.580284953117370605e-01
9.583333134651184082e-01
9.590417146682739258e-01
9.589624404907226562e-01
9.592865705490112305e-01
9.592074751853942871e-01
9.595330953598022461e-01
9.598440527915954590e-01
9.601718187332153320e-01
9.600939154624938965e-01
9.600313305854797363e-01
9.603455066680908203e-01
9.602674841880798340e-01
9.605833888053894043e-01
9.612188339233398438e-01
9.615384340286254883e-01
9.614467620849609375e-01
9.617682099342346191e-01
9.621061086654663086e-01
9.620303511619567871e-01
9.619695544242858887e-01
9.622943997383117676e-01
9.630373716354370117e-01
9.629629850387573242e-01
9.629032015800476074e-01
9.628282785415649414e-01
9.635332226753234863e-01
9.634591937065124512e-01
9.642130732536315918e-01
9.645476937294006348e-01
9.644898176193237305e-01
9.648261666297912598e-01
9.651781916618347168e-01
9.655172228813171387e-01
9.658716917037963867e-01
9.658014178276062012e-01
9.665427803993225098e-01
9.668874144554138184e-01
9.668325185775756836e-01
9.671381115913391113e-01
9.674999713897705078e-01
9.674321413040161133e-01
9.677554368972778320e-01
9.681208133697509766e-01
9.680538177490234375e-01
9.679999947547912598e-01
9.679324626922607422e-01
9.678782820701599121e-01
9.682338237762451172e-01
9.681528806686401367e-01
9.685106277465820312e-01
9.688832163810729980e-01
9.696710705757141113e-01
9.696191549301147461e-01
9.695540070533752441e-01
9.699312448501586914e-01
9.702970385551452637e-01
9.702457785606384277e-01
9.701815247535705566e-01
9.709956645965576172e-01
9.718004465103149414e-01
9.721860289573669434e-01
9.721254110336303711e-01
9.725130796432495117e-01
9.728902578353881836e-01
9.728427529335021973e-01
9.732221364974975586e-01
9.736147522926330566e-01
9.739973545074462891e-01
9.739514589309692383e-01
9.738938212394714355e-01
9.738475084304809570e-01
9.751221537590026855e-01
9.750778675079345703e-01
9.750000238418579102e-01
9.749552607536315918e-01
9.753473997116088867e-01
9.753031134605407715e-01
9.752475023269653320e-01
9.756537675857543945e-01
9.755987524986267090e-01
9.755545258522033691e-01
9.768497347831726074e-01
9.772623777389526367e-01
9.772105813026428223e-01
9.776153564453125000e-01
9.775743484497070312e-01
9.775229096412658691e-01
9.779411554336547852e-01
9.783509969711303711e-01
9.787725210189819336e-01
9.791859388351440430e-01
9.791473746299743652e-01
9.795634150505065918e-01
9.795253872871398926e-01
9.794775843620300293e-01
9.794392585754394531e-01
9.798594713211059570e-01
9.798216819763183594e-01
9.797646999359130859e-01
9.801980257034301758e-01
9.801512360572814941e-01
9.805871248245239258e-01
9.805410504341125488e-01
9.804854989051818848e-01
9.804389476776123047e-01
9.803921580314636230e-01
9.803451299667358398e-01
9.802979230880737305e-01
9.802409410476684570e-01
9.802027940750122070e-01
9.801548719406127930e-01
9.801163673400878906e-01
9.800680875778198242e-01
9.800292253494262695e-01
9.799804687500000000e-01
9.799413084983825684e-01
9.798920750617980957e-01
9.798525571823120117e-01
9.802955389022827148e-01
9.802566766738891602e-01
9.806930422782897949e-01
9.806547760963439941e-01
9.806066751480102539e-01
9.805679917335510254e-01
9.805194735527038574e-01
9.809714555740356445e-01
9.809332489967346191e-01
9.808853268623352051e-01
9.813507795333862305e-01
9.818090200424194336e-01
9.822784662246704102e-01
9.822335243225097656e-01
9.821973443031311035e-01
9.821519851684570312e-01
9.821155071258544922e-01
9.820696711540222168e-01
9.820328354835510254e-01
9.819773435592651367e-01
9.819401502609252930e-01
9.818934202194213867e-01
9.818558692932128906e-01
9.818087220191955566e-01
9.817708134651184082e-01
9.822454452514648438e-01
9.822082519531250000e-01
9.826862812042236328e-01
9.826498627662658691e-01
9.826040863990783691e-01
9.825673699378967285e-01
9.825211763381958008e-01
9.824841022491455078e-01
9.824374914169311523e-01
9.824000000953674316e-01
9.823529124259948730e-01
9.823151230812072754e-01
9.828049540519714355e-01
9.827678799629211426e-01
9.827027320861816406e-01
9.826652407646179199e-01
9.826181530952453613e-01
9.825518131256103516e-01
9.825041294097900391e-01
9.824657440185546875e-01
9.824175834655761719e-01
9.829295277595520020e-01
9.828540086746215820e-01
9.828064441680908203e-01
9.827681779861450195e-01
9.832776188850402832e-01
9.832402467727661133e-01
9.837535023689270020e-01
9.842785000801086426e-01
9.842342138290405273e-01
9.841986298561096191e-01
9.841539263725280762e-01
9.841179847717285156e-01
9.840728044509887695e-01
9.840365052223205566e-01
9.845626354217529297e-01
9.845272302627563477e-01
9.844827651977539062e-01
9.844470024108886719e-01
9.844020605087280273e-01
9.843659400939941406e-01
9.843205809593200684e-01
9.842840433120727539e-01
9.842382073402404785e-01
9.842013120651245117e-01
9.841549396514892578e-01
9.841176271438598633e-01
9.846516847610473633e-01
9.846153855323791504e-01
9.845697283744812012e-01
9.845330119132995605e-01
9.844868779182434082e-01
9.844404458999633789e-01
9.843843579292297363e-01
9.843468070030212402e-01
9.842995405197143555e-01
9.848484992980957031e-01
9.848024249076843262e-01
9.847654104232788086e-01
9.847095012664794922e-01
9.846720099449157715e-01
9.846248626708984375e-01
9.845869541168212891e-01
9.857408404350280762e-01
9.857054352760314941e-01
9.856608510017395020e-01
9.856160283088684082e-01
9.855799078941345215e-01
9.855346083641052246e-01
9.861286282539367676e-01
9.860671162605285645e-01
9.866666793823242188e-01
9.866241812705993652e-01
9.872286319732666016e-01
9.871876835823059082e-01
9.871547818183898926e-01
9.871134161949157715e-01
9.870634078979492188e-01
9.870213866233825684e-01
9.869876503944396973e-01
9.869451522827148438e-01
9.869109988212585449e-01
9.868507385253906250e-01
9.868161082267761230e-01
9.867724776268005371e-01
9.867374300956726074e-01
9.866932630538940430e-01
9.866577982902526855e-01
9.866130948066711426e-01
9.872483015060424805e-01
9.872053861618041992e-01
9.871708154678344727e-01
9.871273636817932129e-01
9.870923757553100586e-01
9.870483875274658203e-01
9.870129823684692383e-01
9.869684576988220215e-01
9.869325757026672363e-01
9.868875145912170410e-01
9.868512153625488281e-01
9.874826073646545410e-01
9.874476790428161621e-01
9.881035685539245605e-01
9.880701899528503418e-01
9.880281686782836914e-01
9.879943728446960449e-01
9.879518151283264160e-01
9.893085956573486328e-01
9.892780780792236328e-01
9.899569749832153320e-01
9.899280667304992676e-01
9.898917078971862793e-01
9.898624420166015625e-01
9.898256063461303711e-01
9.897959232330322266e-01
9.897586107254028320e-01
9.897285103797912598e-01
9.904270768165588379e-01
9.903988242149353027e-01
9.903632402420043945e-01
9.903345704078674316e-01
9.902985095977783203e-01
9.902694821357727051e-01
9.902328848838806152e-01
9.902034401893615723e-01
9.901664257049560547e-01
9.901365637779235840e-01
9.900914430618286133e-01
9.900611639022827148e-01
9.900230169296264648e-01
9.899923205375671387e-01
9.899536371231079102e-01
9.899224638938903809e-01
9.898832440376281738e-01
9.898516535758972168e-01
9.898118972778320312e-01
9.897798895835876465e-01
9.897395372390747070e-01
9.897070527076721191e-01
9.896661639213562012e-01
9.896332025527954102e-01
9.903923273086547852e-01
9.903614521026611328e-01
9.903225898742675781e-01
9.902912378311157227e-01
9.902518391609191895e-01
9.902040958404541016e-01
9.901639223098754883e-01
9.901234507560729980e-01
9.900908470153808594e-01
9.908789396286010742e-01
9.908486008644104004e-01
9.908103346824645996e-01
9.907795190811157227e-01
9.907407164573669434e-01
9.907094836235046387e-01
9.906700849533081055e-01
9.906383156776428223e-01
9.905982613563537598e-01
9.905660152435302734e-01
9.905254244804382324e-01
9.904926419258117676e-01
9.904513955116271973e-01
9.904181361198425293e-01
9.903761744499206543e-01
9.912203550338745117e-01
9.911816716194152832e-01
9.920353889465332031e-01
9.919999837875366211e-01
9.919714331626892090e-01
9.919282793998718262e-01
9.927992820739746094e-01
9.927667379379272461e-01
9.927404522895812988e-01
9.927073717117309570e-01
9.926739931106567383e-01
9.926403164863586426e-01
9.925925731658935547e-01
9.925581216812133789e-01
9.925303459167480469e-01
9.924952983856201172e-01
9.924670457839965820e-01
9.924314022064208984e-01
9.924026727676391602e-01
9.923444986343383789e-01
9.932757019996643066e-01
9.932432174682617188e-01
9.932170510292053223e-01
9.931840300559997559e-01
9.931573867797851562e-01
9.931237697601318359e-01
9.930898547172546387e-01
9.930624365806579590e-01
9.930278658866882324e-01
9.929999709129333496e-01
9.929648041725158691e-01
9.929364323616027832e-01
9.929006099700927734e-01
9.928205013275146484e-01
9.927834868431091309e-01
9.937888383865356445e-01
9.937565326690673828e-01
9.937304258346557617e-01
9.936974644660949707e-01
9.936708807945251465e-01
9.936373233795166016e-01
9.936102032661437988e-01
9.935759902000427246e-01
9.935483932495117188e-01
9.934711456298828125e-01
9.934425950050354004e-01
9.934065937995910645e-01
9.933775067329406738e-01
9.933407306671142578e-01
9.933110475540161133e-01
9.932735562324523926e-01
9.932432174682617188e-01
9.932050108909606934e-01
9.931740760803222656e-01
9.931350350379943848e-01
9.931034445762634277e-01
9.930635690689086914e-01
9.930313825607299805e-01
9.929906725883483887e-01
9.929494857788085938e-01
9.929078221321105957e-01
9.928740859031677246e-01
9.928315281867980957e-01
9.927971363067626953e-01
9.927536249160766602e-01
9.927184581756591797e-01
9.926739931106567383e-01
9.938575029373168945e-01
9.938271641731262207e-01
9.937888383865356445e-01
9.937577843666076660e-01
9.949748516082763672e-01
9.949302673339843750e-01
9.948979616165161133e-01
9.948717951774597168e-01
9.948387145996093750e-01
9.948119521141052246e-01
9.947780966758728027e-01
9.947506785392761230e-01
9.947159886360168457e-01
9.946879148483276367e-01
9.946523904800415039e-01
9.946236610412597656e-01
9.945873022079467773e-01
9.945504069328308105e-01
9.945054650306701660e-01
9.944751262664794922e-01
9.944367408752441406e-01
9.944055676460266113e-01
9.943661689758300781e-01
9.943342804908752441e-01
9.942938685417175293e-01
9.942611455917358398e-01
9.942196607589721680e-01
9.941860437393188477e-01
9.941434860229492188e-01
9.941089749336242676e-01
9.940652847290039062e-01
9.940298795700073242e-01
9.939849376678466797e-01
9.939485788345336914e-01
9.939024448394775391e-01
9.938650131225585938e-01
9.938176274299621582e-01
9.937791824340820312e-01
9.937205910682678223e-01
9.936808943748474121e-01
9.936305880546569824e-01
9.935170412063598633e-01
9.934747219085693359e-01
9.934210777282714844e-01
9.933775067329406738e-01
9.933221936225891113e-01
9.932773113250732422e-01
9.932203292846679688e-01
9.931740760803222656e-01
9.931153059005737305e-01
9.930675625801086426e-01
9.930070042610168457e-01
9.929577708244323730e-01
9.928951859474182129e-01
9.927404522895812988e-01
9.926739931106567383e-01
9.926199316978454590e-01
9.944134354591369629e-01
9.943714737892150879e-01
9.943181872367858887e-01
9.942747950553894043e-01
9.942196607589721680e-01
9.941747784614562988e-01
9.941176176071166992e-01
9.940711259841918945e-01
9.940119981765747070e-01
9.939637780189514160e-01
9.939024448394775391e-01
9.938524365425109863e-01
9.937888383865356445e-01
9.937369227409362793e-01
9.936708807945251465e-01
9.936169981956481934e-01
9.935483932495117188e-01
9.934924244880676270e-01
9.934210777282714844e-01
9.933628439903259277e-01
9.932885766029357910e-01
9.932280182838439941e-01
9.931507110595703125e-01
9.930875301361083984e-01
9.930070042610168457e-01
9.929412007331848145e-01
9.952380657196044922e-01
9.951807260513305664e-01
9.951338171958923340e-01
9.950739145278930664e-01
9.950248599052429199e-01
9.949622154235839844e-01
9.949109554290771484e-01
9.948320388793945312e-01
9.947780966758728027e-01
9.947090148925781250e-01
9.946523904800415039e-01
9.945799708366394043e-01
9.944289922714233398e-01
9.943502545356750488e-01
9.942857027053833008e-01
9.942029118537902832e-01
9.941349029541015625e-01
9.940476417541503906e-01
9.939758777618408203e-01
9.938837885856628418e-01
9.938080310821533203e-01
9.937106966972351074e-01
9.936305880546569824e-01
9.933554530143737793e-01
9.932659864425659180e-01
9.931507110595703125e-01
9.930555820465087891e-01
9.929328560829162598e-01
9.928315281867980957e-01
9.927007555961608887e-01
9.925925731658935547e-01
9.921568632125854492e-01
9.920318722724914551e-01
9.918699264526367188e-01
9.917355179786682129e-01
9.915611743927001953e-01
9.914163351058959961e-01
9.912280440330505371e-01
9.910714030265808105e-01
9.954338073730468750e-01
9.953488111495971680e-01
9.952380657196044922e-01
9.951219558715820312e-01
9.950248599052429199e-01
9.948979616165161133e-01
9.947916865348815918e-01
9.940119981765747070e-01
9.938650131225585938e-01
9.936708807945251465e-01
9.935064911842346191e-01
9.932885766029357910e-01
9.931034445762634277e-01
9.928571581840515137e-01
9.926470518112182617e-01
9.923664331436157227e-01
9.921259880065917969e-01
9.918032884597778320e-01
9.915254116058349609e-01
9.911504387855529785e-01
9.908257126808166504e-01
9.903846383094787598e-01
9.900000095367431641e-01
9.894737005233764648e-01
9.890109896659851074e-01
9.883720874786376953e-01
9.878048896789550781e-01
9.870129823684692383e-01
9.863013625144958496e-01
9.852941036224365234e-01
9.843750000000000000e-01
9.830508232116699219e-01
9.818181991577148438e-01
1.000000000000000000e+00
1.000000000000000000e+00
1.000000000000000000e+00
1.000000000000000000e+00
1.000000000000000000e+00
1.000000000000000000e+00
1.000000000000000000e+00
1.000000000000000000e+00
1.000000000000000000e+00
1.000000000000000000e+00
1.000000000000000000e+00
