5.464771986007690430e-01
5.703462958335876465e-01
5.972784757614135742e-01
6.047236323356628418e-01
6.133488416671752930e-01
6.212887763977050781e-01
6.255948543548583984e-01
6.329375505447387695e-01
6.405296921730041504e-01
6.436580419540405273e-01
6.495137214660644531e-01
6.534424424171447754e-01
6.590664386749267578e-01
6.616161465644836426e-01
6.663029789924621582e-01
6.688584685325622559e-01
6.713132858276367188e-01
6.741614341735839844e-01
6.759105324745178223e-01
6.775389313697814941e-01
6.801936030387878418e-01
6.847234964370727539e-01
6.871708035469055176e-01
6.890565752983093262e-01
6.907645463943481445e-01
6.936097145080566406e-01
6.955941319465637207e-01
6.981240510940551758e-01
6.989268064498901367e-01
7.011162638664245605e-01
7.024108171463012695e-01
7.043125033378601074e-01
7.053467631340026855e-01
7.065217494964599609e-01
7.077012658119201660e-01
7.083333134651184082e-01
7.087719440460205078e-01
7.095451951026916504e-01
7.103205919265747070e-01
7.127158641815185547e-01
7.133595347404479980e-01
7.142294645309448242e-01
7.162028551101684570e-01
7.170519828796386719e-01
7.182178497314453125e-01
7.188739180564880371e-01
7.199602723121643066e-01
7.212266325950622559e-01
7.220670580863952637e-01
7.231107354164123535e-01
7.236341834068298340e-01
7.243037223815917969e-01
7.261952757835388184e-01
7.265232205390930176e-01
7.273459434509277344e-01
7.283178567886352539e-01
7.288888692855834961e-01
7.290740013122558594e-01
7.299594879150390625e-01
7.308471798896789551e-01
7.325203418731689453e-01
7.331163287162780762e-01
7.351020574569702148e-01
7.357026338577270508e-01
7.369067072868347168e-01
7.490106225013732910e-01
7.501043081283569336e-01
7.514632344245910645e-01
7.526183724403381348e-01
7.610263228416442871e-01
7.619451880455017090e-01
7.651078104972839355e-01
7.657619118690490723e-01
7.665311098098754883e-01
7.669736742973327637e-01
7.680755257606506348e-01
7.689003348350524902e-01
7.702906131744384766e-01
7.712376117706298828e-01
7.721874117851257324e-01
7.726388573646545410e-01
7.734256386756896973e-01
7.742145061492919922e-01
7.752224206924438477e-01
7.756786346435546875e-01
7.787243127822875977e-01
7.793088555335998535e-01
7.802847623825073242e-01
7.809210419654846191e-01
7.815587520599365234e-01
7.822456359863281250e-01
7.828860282897949219e-01
7.835278511047363281e-01
7.841234803199768066e-01
7.847206592559814453e-01
7.856668829917907715e-01
7.861412167549133301e-01
7.866962552070617676e-01
7.898259758949279785e-01
7.907444834709167480e-01
7.914522290229797363e-01
7.924697399139404297e-01
7.930879592895507812e-01
7.937078475952148438e-01
7.941970229148864746e-01
7.952241301536560059e-01
7.954904437065124512e-01
7.962962985038757324e-01
7.967902421951293945e-01
7.974655032157897949e-01
7.979614734649658203e-01
7.986379265785217285e-01
8.006841540336608887e-01
8.010961413383483887e-01
8.019666075706481934e-01
8.028394579887390137e-01
8.033463358879089355e-01
8.038091063499450684e-01
8.050574660301208496e-01
8.057537674903869629e-01
8.062658309936523438e-01
8.069649338722229004e-01
8.076656460762023926e-01
8.085106611251831055e-01
8.090277910232543945e-01
8.097335100173950195e-01
8.112944364547729492e-01
8.119618296623229980e-01
8.127183914184570312e-01
8.131996393203735352e-01
8.139589428901672363e-01
8.146763443946838379e-01
8.153522014617919922e-01
8.158388137817382812e-01
8.175405859947204590e-01
8.184601068496704102e-01
8.192316889762878418e-01
8.199197649955749512e-01
8.203734159469604492e-01
8.211074471473693848e-01
8.209379315376281738e-01
8.213946819305419922e-01
8.221747279167175293e-01
8.227186203002929688e-01
8.240895271301269531e-01
8.246366381645202637e-01
8.252566456794738770e-01
8.258064389228820801e-01
8.265550136566162109e-01
8.272552490234375000e-01
8.282488584518432617e-01
8.290043473243713379e-01
8.297616243362426758e-01
8.298385143280029297e-01
8.305984735488891602e-01
8.313602209091186523e-01
8.318819403648376465e-01
8.328893184661865234e-01
8.341013789176940918e-01
8.346686363220214844e-01
8.349538445472717285e-01
8.357264399528503418e-01
8.360136747360229492e-01
8.367894887924194336e-01
8.375671505928039551e-01
8.387175798416137695e-01
8.392550945281982422e-01
8.398034572601318359e-01
8.407580852508544922e-01
8.408474922180175781e-01
8.415988087654113770e-01
8.421832323074340820e-01
8.431857824325561523e-01
8.440207839012145996e-01
8.450285196304321289e-01
8.455809354782104492e-01
8.463832736015319824e-01
8.467280268669128418e-01
8.475336432456970215e-01
8.483412265777587891e-01
8.486513495445251465e-01
8.495000004768371582e-01
8.510904908180236816e-01
8.514429330825805664e-01
8.527268171310424805e-01
8.530817627906799316e-01
8.541561961174011230e-01
8.544766902923583984e-01
8.553030490875244141e-01
8.559150695800781250e-01
8.567451238632202148e-01
8.568527698516845703e-01
8.574333190917968750e-01
8.583057522773742676e-01
8.586347699165344238e-01
8.595104813575744629e-01
8.598417043685913086e-01
8.607206940650939941e-01
8.618218898773193359e-01
8.624487519264221191e-01
8.630418181419372559e-01
8.648300766944885254e-01
8.651714324951171875e-01
8.652903437614440918e-01
8.658914566040039062e-01
8.665286898612976074e-01
8.671328425407409668e-01
8.675135970115661621e-01
8.681204319000244141e-01
8.689888119697570801e-01
8.704041838645935059e-01
8.710519671440124512e-01
8.714061975479125977e-01
8.718889355659484863e-01
8.725413084030151367e-01
8.728991746902465820e-01
8.732912540435791016e-01
8.744406700134277344e-01
8.750988245010375977e-01
8.751978874206542969e-01
8.753301501274108887e-01
8.756942749023437500e-01
8.758273720741271973e-01
8.774210810661315918e-01
8.778220415115356445e-01
8.789893388748168945e-01
8.799254298210144043e-01
8.802986145019531250e-01
8.809714317321777344e-01
8.816140890121459961e-01
8.820225000381469727e-01
8.824002146720886230e-01
8.836959600448608398e-01
8.838084936141967773e-01
8.844910860061645508e-01
8.851442337036132812e-01
8.858299851417541504e-01
8.864864706993103027e-01
8.869047760963439941e-01
8.872933983802795410e-01
8.877136111259460449e-01
8.882544636726379395e-01
8.884050250053405762e-01
8.887980580329895020e-01
8.897680640220642090e-01
8.907103538513183594e-01
8.911378383636474609e-01
8.915365934371948242e-01
8.916918039321899414e-01
8.926414251327514648e-01
8.930731415748596191e-01
8.942440152168273926e-01
8.949545025825500488e-01
8.955512642860412598e-01
8.959889411926269531e-01
8.963701725006103516e-01
8.970873951911926270e-01
8.972222208976745605e-01
8.976640701293945312e-01
8.978000283241271973e-01
8.979648947715759277e-01
8.983808159828186035e-01
8.988261818885803223e-01
9.000839591026306152e-01
9.004765748977661133e-01
9.011791348457336426e-01
9.013490676879882812e-01
9.023360610008239746e-01
9.030439853668212891e-01
9.034716486930847168e-01
9.039276838302612305e-01
9.043576717376708984e-01
9.045325517654418945e-01
9.052482247352600098e-01
9.056282043457031250e-01
9.057785272598266602e-01
9.062411189079284668e-01
9.066780805587768555e-01
9.071428775787353516e-01
9.075822830200195312e-01
9.080492854118347168e-01
9.082042574882507324e-01
9.083859920501708984e-01
9.090909361839294434e-01
9.092480540275573730e-01
9.091433286666870117e-01
9.098786711692810059e-01
9.106161594390869141e-01
9.110660552978515625e-01
9.115429520606994629e-01
9.119953513145446777e-01
9.124745726585388184e-01
9.132207632064819336e-01
9.134110808372497559e-01
9.138182997703552246e-01
9.140099287033081055e-01
9.147627353668212891e-01
9.152492880821228027e-01
9.157121777534484863e-01
9.159070849418640137e-01
9.163721799850463867e-01
9.168632030487060547e-01
9.170356988906860352e-01
9.172332286834716797e-01
9.185667634010314941e-01
9.190631508827209473e-01
9.201306700706481934e-01
9.206066131591796875e-01
9.204883575439453125e-01
9.206917285919189453e-01
9.217677116394042969e-01
9.216741323471069336e-01
9.221556782722473145e-01
9.222689270973205566e-01
9.224526882171630859e-01
9.226602315902709961e-01
9.225437045097351074e-01
9.227519631385803223e-01
9.229374527931213379e-01
9.231467247009277344e-01
9.239394068717956543e-01
9.251824617385864258e-01
9.259823560714721680e-01
9.261969923973083496e-01
9.266951680183410645e-01
9.269112944602966309e-01
9.274119734764099121e-01
9.279361963272094727e-01
9.285714030265808105e-01
9.287916421890258789e-01
9.292991757392883301e-01
9.298299551010131836e-01
9.300309419631958008e-01
9.299442172050476074e-01
9.303482770919799805e-01
9.302614927291870117e-01
9.304646253585815430e-01
9.303777813911437988e-01
9.305816292762756348e-01
9.311208724975585938e-01
9.316400289535522461e-01
9.321181774139404297e-01
9.320113062858581543e-01
9.319255948066711426e-01
9.321338534355163574e-01
9.320480227470397949e-01
9.319404959678649902e-01
9.321711659431457520e-01
9.320635199546813965e-01
9.326128363609313965e-01
9.325055480003356934e-01
9.327383041381835938e-01
9.332695007324218750e-01
9.335038065910339355e-01
9.342105388641357422e-01
9.350899457931518555e-01
9.356292486190795898e-01
9.358685016632080078e-01
9.357857108116149902e-01
9.360051751136779785e-01
9.368932247161865234e-01
9.377633929252624512e-01
9.380071163177490234e-01
9.385565519332885742e-01
9.393742084503173828e-01
9.399281740188598633e-01
9.401765465736389160e-01
9.404060244560241699e-01
9.403278827667236328e-01
9.408866763114929199e-01
9.408089518547058105e-01
9.413702487945556641e-01
9.412928819656372070e-01
9.415262341499328613e-01
9.414488673210144043e-01
9.420145750045776367e-01
9.422693848609924316e-01
9.425058364868164062e-01
9.430000185966491699e-01
9.432387351989746094e-01
9.431627988815307617e-01
9.434025287628173828e-01
9.436619877815246582e-01
9.442391395568847656e-01
9.441641569137573242e-01
9.440701007843017578e-01
9.442755579948425293e-01
9.445196390151977539e-01
9.444444179534912109e-01
9.443501830101013184e-01
9.446143507957458496e-01
9.448416829109191895e-01
9.454483389854431152e-01
9.456967115402221680e-01
9.456224441528320312e-01
9.462144374847412109e-01
9.464837312698364258e-01
9.470790624618530273e-01
9.476944208145141602e-01
9.479489922523498535e-01
9.485141634941101074e-01
9.484250545501708984e-01
9.483535289764404297e-01
9.482638835906982422e-01
9.481919407844543457e-01
9.481016993522644043e-01
9.480292797088623047e-01
9.482879042625427246e-01
9.485654234886169434e-01
9.488257765769958496e-01
9.494559764862060547e-01
9.493671059608459473e-01
9.499999880790710449e-01
9.502645730972290039e-01
9.501942992210388184e-01
9.501061439514160156e-01
9.503898024559020996e-01
9.506567120552062988e-01
9.505865573883056641e-01
9.512107968330383301e-01
9.511412382125854492e-01
9.517685174942016602e-01
9.520572423934936523e-01
9.523297548294067383e-01
9.529792070388793945e-01
9.532206058502197266e-01
9.531531333923339844e-01
9.534295797348022461e-01
9.537237882614135742e-01
9.540188312530517578e-01
9.539354443550109863e-01
9.538685083389282227e-01
9.541484713554382324e-01
9.544460773468017578e-01
9.546452164649963379e-01
9.545787572860717773e-01
9.548623561859130859e-01
9.551635384559631348e-01
9.550809860229492188e-01
9.550147652626037598e-01
9.549316763877868652e-01
9.552349448204040527e-01
9.551519751548767090e-01
9.550853967666625977e-01
9.550018310546875000e-01
9.553072452545166016e-01
9.552238583564758301e-01
9.562780261039733887e-01
9.565705657005310059e-01
9.572553634643554688e-01
9.571750760078430176e-01
9.574868083000183105e-01
9.574066996574401855e-01
9.580973982810974121e-01
9.590908885002136230e-01
9.594082236289978027e-01
9.600912332534790039e-01
9.600304365158081055e-01
9.603356122970581055e-01
9.606570005416870117e-01
9.613323211669921875e-01
9.612730145454406738e-01
9.611986279487609863e-01
9.611389040946960449e-01
9.610489606857299805e-01
9.613750576972961426e-01
9.616873264312744141e-01
9.620155096054077148e-01
9.627184271812438965e-01
9.630494117736816406e-01
9.629774093627929688e-01
9.629195928573608398e-01
9.632381796836853027e-01
9.635722637176513672e-01
9.638932347297668457e-01
9.642295837402343750e-01
9.645529985427856445e-01
9.648914933204650879e-01
9.648082256317138672e-01
9.651209115982055664e-01
9.650516510009765625e-01
9.649960398674011230e-01
9.649262428283691406e-01
9.652694463729858398e-01
9.656000137329101562e-01
9.659455418586730957e-01
9.658771753311157227e-01
9.658222794532775879e-01
9.657257795333862305e-01
9.664781689643859863e-01
9.668150544166564941e-01
9.667612314224243164e-01
9.670999050140380859e-01
9.678600430488586426e-01
9.682021737098693848e-01
9.681372642517089844e-01
9.680720567703247070e-01
9.680196642875671387e-01
9.683648347854614258e-01
9.683127403259277344e-01
9.682605266571044922e-01
9.686080217361450195e-01
9.693835377693176270e-01
9.701244831085205078e-01
9.700748324394226074e-01
9.700124859809875488e-01
9.699624776840209961e-01
9.698996543884277344e-01
9.698492288589477539e-01
9.705634713172912598e-01
9.709351062774658203e-01
9.708737730979919434e-01
9.708245396614074707e-01
9.707627296447753906e-01
9.715619683265686035e-01
9.719148874282836914e-01
9.718670248985290527e-01
9.718069434165954590e-01
9.717586636543273926e-01
9.716981053352355957e-01
9.716494679450988770e-01
9.715884923934936523e-01
9.715394377708435059e-01
9.719101190567016602e-01
9.718614816665649414e-01
9.718004465103149414e-01
9.721860289573669434e-01
9.720767736434936523e-01
9.724650382995605469e-01
9.728427529335021973e-01
9.727950692176818848e-01
9.727352857589721680e-01
9.735682606697082520e-01
9.735099077224731445e-01
9.734630584716796875e-01
9.734042286872863770e-01
9.733570218086242676e-01
9.732500910758972168e-01
9.732023477554321289e-01
9.740375876426696777e-01
9.744394421577453613e-01
9.743820428848266602e-01
9.743243455886840820e-01
9.746949672698974609e-01
9.746491909027099609e-01
9.750453829765319824e-01
9.750000238418579102e-01
9.753986597061157227e-01
9.758101105690002441e-01
9.762122631072998047e-01
9.761686325073242188e-01
9.761139154434204102e-01
9.765301346778869629e-01
9.764760136604309082e-01
9.764325618743896484e-01
9.763779640197753906e-01
9.763340950012207031e-01
9.762569665908813477e-01
9.762126803398132324e-01
9.761570692062377930e-01
9.761124253273010254e-01
9.765258431434631348e-01
9.764816761016845703e-01
9.764262437820434570e-01
9.763816595077514648e-01
9.767772555351257324e-01
9.767331480979919434e-01
9.771537184715270996e-01
9.770883321762084961e-01
9.770334959030151367e-01
9.774688482284545898e-01
9.778952598571777344e-01
9.778420329093933105e-01
9.777992367744445801e-01
9.777455329895019531e-01
9.777023792266845703e-01
9.776481986045837402e-01
9.776046872138977051e-01
9.775500297546386719e-01
9.775061011314392090e-01
9.774509668350219727e-01
9.778978228569030762e-01
9.778434038162231445e-01
9.777997136116027832e-01
9.782393574714660645e-01
9.781962633132934570e-01
9.786388278007507324e-01
9.785963296890258789e-01
9.785321950912475586e-01
9.784892201423645020e-01
9.784352779388427734e-01
9.783702492713928223e-01
9.783157110214233398e-01
9.787771701812744141e-01
9.787234067916870117e-01
9.786801934242248535e-01
9.786259531974792480e-01
9.790709614753723145e-01
9.790173768997192383e-01
9.789743423461914062e-01
9.789202809333801270e-01
9.788768887519836426e-01
9.788222908973693848e-01
9.787784814834594727e-01
9.787234067916870117e-01
9.786791205406188965e-01
9.786235690116882324e-01
9.785677194595336914e-01
9.785115122795104980e-01
9.784663915634155273e-01
9.783412814140319824e-01
9.782953858375549316e-01
9.782378077507019043e-01
9.781682491302490234e-01
9.786438941955566406e-01
9.785981774330139160e-01
9.785407781600952148e-01
9.784830808639526367e-01
9.784250259399414062e-01
9.783783555030822754e-01
9.788618087768554688e-01
9.788158535957336426e-01
9.793028235435485840e-01
9.792576432228088379e-01
9.797149300575256348e-01
9.796703457832336426e-01
9.796143174171447754e-01
9.795693159103393555e-01
9.795127511024475098e-01
9.800221920013427734e-01
9.799666404724121094e-01
9.799219369888305664e-01
9.798657894134521484e-01
9.797979593276977539e-01
9.797411561012268066e-01
9.796609878540039062e-01
9.795918464660644531e-01
9.795454740524291992e-01
9.794637560844421387e-01
9.794167876243591309e-01
9.793577790260314941e-01
9.798850417137145996e-01
9.798387289047241211e-01
9.797804951667785645e-01
9.803127050399780273e-01
9.802325367927551270e-01
9.807692170143127441e-01
9.807130098342895508e-01
9.806678295135498047e-01
9.806110262870788574e-01
9.805653691291809082e-01
9.805079698562622070e-01
9.810538887977600098e-01
9.827790856361389160e-01
9.827380776405334473e-01
9.826865792274475098e-01
9.826450943946838379e-01
9.837934970855712891e-01
9.837545156478881836e-01
9.837055206298828125e-01
9.842710494995117188e-01
9.848300814628601074e-01
9.847931861877441406e-01
9.847468137741088867e-01
9.853211045265197754e-01
9.852761030197143555e-01
9.852398633956909180e-01
9.851760268211364746e-01
9.851393103599548340e-01
9.850931763648986816e-01
9.850560426712036133e-01
9.856339693069458008e-01
9.855979681015014648e-01
9.855527877807617188e-01
9.855163693428039551e-01
9.854614138603210449e-01
9.854245781898498535e-01
9.853782653808593750e-01
9.853409528732299805e-01
9.852941036224365234e-01
9.852564334869384766e-01
9.852089881896972656e-01
9.851708412170410156e-01
9.851229190826416016e-01
9.850842952728271484e-01
9.850357770919799805e-01
9.849967360496520996e-01
9.849476218223571777e-01
9.849081635475158691e-01
9.848384857177734375e-01
9.847984313964843750e-01
9.847378730773925781e-01
9.846972823143005371e-01
9.846359491348266602e-01
9.845947623252868652e-01
9.845430254936218262e-01
9.845013618469238281e-01
9.844489693641662598e-01
9.844067692756652832e-01
9.843537211418151855e-01
9.843110442161560059e-01
9.842573404312133789e-01
9.842032790184020996e-01
9.855272173881530762e-01
9.854872226715087891e-01
9.854369163513183594e-01
9.853963851928710938e-01
9.853454232215881348e-01
9.853044152259826660e-01
9.852527976036071777e-01
9.852112531661987305e-01
9.851590394973754883e-01
9.851169586181640625e-01
9.850640296936035156e-01
9.850214123725891113e-01
9.849677681922912598e-01
9.849137663841247559e-01
9.848703145980834961e-01
9.848155975341796875e-01
9.854967594146728516e-01
9.854439496994018555e-01
9.854014515876770020e-01
9.853479862213134766e-01
9.852941036224365234e-01
9.852398633956909180e-01
9.851961731910705566e-01
9.851411581039428711e-01
9.850968718528747559e-01
9.850411415100097656e-01
9.849962592124938965e-01
9.849397540092468262e-01
9.848942756652832031e-01
9.848139882087707520e-01
9.847677350044250488e-01
9.847095012664794922e-01
9.846625924110412598e-01
9.845678806304931641e-01
9.845201373100280762e-01
9.844599962234497070e-01
9.844115376472473145e-01
9.843137264251708984e-01
9.842643737792968750e-01
9.842022061347961426e-01
9.841521382331848145e-01
9.848846197128295898e-01
9.856345057487487793e-01
9.855769276618957520e-01
9.855305552482604980e-01
9.854721426963806152e-01
9.854251146316528320e-01
9.853658676147460938e-01
9.853181242942810059e-01
9.852579832077026367e-01
9.852095246315002441e-01
9.851484894752502441e-01
9.850993156433105469e-01
9.866888523101806641e-01
9.874791502952575684e-01
9.874266386032104492e-01
9.873843789100646973e-01
9.873310923576354980e-01
9.872881174087524414e-01
9.872340559959411621e-01
9.871794581413269043e-01
9.871244430541992188e-01
9.887834191322326660e-01
9.887250661849975586e-01
9.886857867240905762e-01
9.886363744735717773e-01
9.885964989662170410e-01
9.893898963928222656e-01
9.893522858619689941e-01
9.893048405647277832e-01
9.892665743827819824e-01
9.900990128517150879e-01
9.900632500648498535e-01
9.900181293487548828e-01
9.899817705154418945e-01
9.899359345436096191e-01
9.898803830146789551e-01
9.898336529731750488e-01
9.897959232330322266e-01
9.897292256355285645e-01
9.896907210350036621e-01
9.905837774276733398e-01
9.905481934547424316e-01
9.905123114585876465e-01
9.904671311378479004e-01
9.904305934906005859e-01
9.903846383094787598e-01
9.903475046157836914e-01
9.902818202972412109e-01
9.902439117431640625e-01
9.901960492134094238e-01
9.901574850082397461e-01
9.901087880134582520e-01
9.900695085525512695e-01
9.909909963607788086e-01
9.909547567367553711e-01
9.909090995788574219e-01
9.908722043037414551e-01
9.908257126808166504e-01
9.907881021499633789e-01
9.907407164573669434e-01
9.917355179786682129e-01
9.916926026344299316e-01
9.916579723358154297e-01
9.916142821311950684e-01
9.915789365768432617e-01
9.915344119071960449e-01
9.914984107017517090e-01
9.914438724517822266e-01
9.914070963859558105e-01
9.913606643676757812e-01
9.924077987670898438e-01
9.923664331436157227e-01
9.923329949378967285e-01
9.922907352447509766e-01
9.922566413879394531e-01
9.922135472297668457e-01
9.921787977218627930e-01
9.921348094940185547e-01
9.920814633369445801e-01
9.920364022254943848e-01
9.919999837875366211e-01
9.919540286064147949e-01
9.919168353080749512e-01
9.918699264526367188e-01
9.918319582939147949e-01
9.917743802070617676e-01
9.917355179786682129e-01
9.916864633560180664e-01
9.916467666625976562e-01
9.915966391563415527e-01
9.915561079978942871e-01
9.915048480033874512e-01
9.926829338073730469e-01
9.926380515098571777e-01
9.925742745399475098e-01
9.925280213356018066e-01
9.924905896186828613e-01
9.924146533012390137e-01
9.923760890960693359e-01
9.923273921012878418e-01
9.922879338264465332e-01
9.922380447387695312e-01
9.921976327896118164e-01
9.921466112136840820e-01
9.921052455902099609e-01
9.919785857200622559e-01
9.919354915618896484e-01
9.918808937072753906e-01
9.918367266654968262e-01
9.917808175086975098e-01
9.917355179786682129e-01
9.916083812713623047e-01
9.915611743927001953e-01
9.915134310722351074e-01
9.914529919624328613e-01
9.914039969444274902e-01
9.913420081138610840e-01
9.912917017936706543e-01
9.912280440330505371e-01
9.911764860153198242e-01
9.911110997200012207e-01
9.910581111907958984e-01
9.909909963607788086e-01
9.909365773200988770e-01
9.923896789550781250e-01
9.923430085182189941e-01
9.922360181808471680e-01
9.921875000000000000e-01
9.937008023262023926e-01
9.936608672142028809e-01
9.936102032661437988e-01
9.935691356658935547e-01
9.935170412063598633e-01
9.934747219085693359e-01
9.934210777282714844e-01
9.933775067329406738e-01
9.933221936225891113e-01
9.932773113250732422e-01
9.932203292846679688e-01
9.931740760803222656e-01
9.931153059005737305e-01
9.930675625801086426e-01
9.930070042610168457e-01
9.929577708244323730e-01
9.928186535835266113e-01
9.927667379379272461e-01
9.927007555961608887e-01
9.926470518112182617e-01
9.925788640975952148e-01
9.924098849296569824e-01
9.923371672630310059e-01
9.922779798507690430e-01
9.922027587890625000e-01
9.921414256095886230e-01
9.920634627342224121e-01
9.919999837875366211e-01
9.919192194938659668e-01
9.918533563613891602e-01
9.917695522308349609e-01
9.917012453079223633e-01
9.916142821311950684e-01
9.915433526039123535e-01
9.935897588729858398e-01
9.935345053672790527e-01
9.934640526771545410e-01
9.934065937995910645e-01
9.933333396911621094e-01
9.932735562324523926e-01
9.931972622871398926e-01
9.931192398071289062e-01
9.930394291877746582e-01
9.929742217063903809e-01
9.928910136222839355e-01
9.927184581756591797e-01
9.926289916038513184e-01
9.925558567047119141e-01
9.924623370170593262e-01
9.923858046531677246e-01
9.921259880065917969e-01
9.920424222946166992e-01
9.919354915618896484e-01
9.945651888847351074e-01
9.944903850555419922e-01
9.944289922714233398e-01
9.941860437393188477e-01
9.941002726554870605e-01
9.940298795700073242e-01
9.939393997192382812e-01
9.938650131225585938e-01
9.937694668769836426e-01
9.936908483505249023e-01
9.935897588729858398e-01
9.935064911842346191e-01
9.933993220329284668e-01
9.933110475540161133e-01
9.931972622871398926e-01
9.925925731658935547e-01
9.924528598785400391e-01
9.923371672630310059e-01
9.921875000000000000e-01
9.920634627342224121e-01
9.919028282165527344e-01
9.917695522308349609e-01
9.915966391563415527e-01
9.914529919624328613e-01
9.912663698196411133e-01
9.911110997200012207e-01
9.909090995788574219e-01
9.907407164573669434e-01
9.905213117599487305e-01
9.903381466865539551e-01
9.900990128517150879e-01
9.898989796638488770e-01
9.896373152732849121e-01
9.894179701805114746e-01
9.891304373741149902e-01
9.888888597488403320e-01
9.885714054107666016e-01
9.883040785789489746e-01
9.879518151283264160e-01
9.876543283462524414e-01
9.872611761093139648e-01
9.869281053543090820e-01
9.864864945411682129e-01
9.861111044883728027e-01
9.856114983558654785e-01
9.851852059364318848e-01
9.846153855323791504e-01
9.841269850730895996e-01
9.834710955619812012e-01
9.829059839248657227e-01
9.821428656578063965e-01
9.814814925193786621e-01
9.805825352668762207e-01
9.898989796638488770e-01
9.893617033958435059e-01
9.887640476226806641e-01
9.880952239036560059e-01
9.875000119209289551e-01
9.866666793823242188e-01
9.859154820442199707e-01
1.000000000000000000e+00
1.000000000000000000e+00
1.000000000000000000e+00
1.000000000000000000e+00
1.000000000000000000e+00
1.000000000000000000e+00
1.000000000000000000e+00
1.000000000000000000e+00
1.000000000000000000e+00
1.000000000000000000e+00
1.000000000000000000e+00
1.000000000000000000e+00
1.000000000000000000e+00
1.000000000000000000e+00
