9.991885423660278320e-01
9.975655674934387207e-01
9.964836239814758301e-01
9.959426522254943848e-01
9.937787652015686035e-01
9.937787652015686035e-01
9.932377338409423828e-01
9.921557903289794922e-01
9.918853044509887695e-01
9.913443326950073242e-01
9.910738468170166016e-01
9.908033609390258789e-01
9.902623891830444336e-01
9.897214174270629883e-01
9.897214174270629883e-01
9.894509315490722656e-01
9.889099001884460449e-01
9.889099001884460449e-01
9.889099001884460449e-01
9.880984425544738770e-01
9.875574707984924316e-01
9.872869849205017090e-01
9.862050414085388184e-01
9.862050414085388184e-01
9.856640696525573730e-01
9.856640696525573730e-01
9.853935837745666504e-01
9.848526120185852051e-01
9.845820665359497070e-01
9.840410947799682617e-01
9.837706089019775391e-01
9.835001230239868164e-01
9.832296371459960938e-01
9.832296371459960938e-01
9.829591512680053711e-01
9.826886653900146484e-01
9.824181795120239258e-01
9.824181795120239258e-01
9.816067218780517578e-01
9.810657501220703125e-01
9.805247783660888672e-01
9.802542328834533691e-01
9.786313176155090332e-01
9.778198599815368652e-01
9.775493741035461426e-01
9.772788882255554199e-01
9.772788882255554199e-01
9.767379164695739746e-01
9.767379164695739746e-01
9.761969447135925293e-01
9.761969447135925293e-01
9.756559133529663086e-01
9.751149415969848633e-01
9.748444557189941406e-01
9.748444557189941406e-01
9.743034839630126953e-01
9.732215404510498047e-01
9.732215404510498047e-01
9.732215404510498047e-01
9.732215404510498047e-01
9.729510545730590820e-01
9.729510545730590820e-01
9.729510545730590820e-01
9.729510545730590820e-01
9.729510545730590820e-01
9.721395969390869141e-01
9.718691110610961914e-01
9.718691110610961914e-01
9.713280797004699707e-01
9.710575938224792480e-01
9.710575938224792480e-01
9.691641926765441895e-01
9.688937067985534668e-01
9.683527350425720215e-01
9.680822491645812988e-01
9.680822491645812988e-01
9.678117632865905762e-01
9.672707319259643555e-01
9.670002460479736328e-01
9.667297601699829102e-01
9.664592742919921875e-01
9.661887884140014648e-01
9.661887884140014648e-01
9.659183025360107422e-01
9.659183025360107422e-01
9.653773307800292969e-01
9.653773307800292969e-01
9.634839296340942383e-01
9.632134437561035156e-01
9.621314406394958496e-01
9.618609547615051270e-01
9.618609547615051270e-01
9.615904688835144043e-01
9.610494971275329590e-01
9.602380394935607910e-01
9.599675536155700684e-01
9.599675536155700684e-01
9.596970677375793457e-01
9.596970677375793457e-01
9.596970677375793457e-01
9.594265818595886230e-01
9.588856101036071777e-01
9.588856101036071777e-01
9.586150646209716797e-01
9.583445787429809570e-01
9.564511775970458984e-01
9.556397199630737305e-01
9.545577764511108398e-01
9.542872309684753418e-01
9.537462592124938965e-01
9.532052874565124512e-01
9.532052874565124512e-01
9.529348015785217285e-01
9.523938298225402832e-01
9.518528580665588379e-01
9.515823721885681152e-01
9.515823721885681152e-01
9.513118863105773926e-01
9.513118863105773926e-01
9.513118863105773926e-01
9.507709145545959473e-01
9.496889114379882812e-01
9.491479396820068359e-01
9.486069679260253906e-01
9.483364820480346680e-01
9.483364820480346680e-01
9.464430809020996094e-01
9.461725950241088867e-01
9.456315636634826660e-01
9.445496201515197754e-01
9.445496201515197754e-01
9.445496201515197754e-01
9.442791342735290527e-01
9.440086483955383301e-01
9.429267048835754395e-01
9.423857331275939941e-01
9.423857331275939941e-01
9.413037300109863281e-01
9.404922723770141602e-01
9.399513006210327148e-01
9.394103288650512695e-01
9.391398429870605469e-01
9.391398429870605469e-01
9.391398429870605469e-01
9.383283853530883789e-01
9.383283853530883789e-01
9.380578994750976562e-01
9.377874135971069336e-01
9.375169277191162109e-01
9.372464418411254883e-01
9.367054104804992676e-01
9.361644387245178223e-01
9.356234669685363770e-01
9.348120093345642090e-01
9.345415234565734863e-01
9.340005517005920410e-01
9.334595799446105957e-01
9.329186081886291504e-01
9.329186081886291504e-01
9.326481223106384277e-01
9.321070909500122070e-01
9.318366050720214844e-01
9.315661191940307617e-01
9.310251474380493164e-01
9.310251474380493164e-01
9.299432039260864258e-01
9.288612604141235352e-01
9.288612604141235352e-01
9.283202886581420898e-01
9.277792572975158691e-01
9.272382855415344238e-01
9.269677996635437012e-01
9.266973137855529785e-01
9.266973137855529785e-01
9.261563420295715332e-01
9.261563420295715332e-01
9.258858561515808105e-01
9.256153702735900879e-01
9.250743985176086426e-01
9.248039126396179199e-01
9.239924550056457520e-01
9.234514236450195312e-01
9.220989942550659180e-01
9.220989942550659180e-01
9.207465648651123047e-01
9.202055931091308594e-01
9.196646213531494141e-01
9.191235899925231934e-01
9.191235899925231934e-01
9.188531041145324707e-01
9.188531041145324707e-01
9.183121323585510254e-01
9.172301888465881348e-01
9.164187312126159668e-01
9.161482453346252441e-01
9.161482453346252441e-01
9.161482453346252441e-01
9.158777594566345215e-01
9.156072735786437988e-01
9.147957563400268555e-01
9.142547845840454102e-01
9.120908975601196289e-01
9.115499258041381836e-01
9.110089540481567383e-01
9.110089540481567383e-01
9.104679226875305176e-01
9.099269509315490723e-01
9.093859791755676270e-01
9.093859791755676270e-01
9.088450074195861816e-01
9.085745215415954590e-01
9.080335497856140137e-01
9.074925780296325684e-01
9.066811203956604004e-01
9.061400890350341797e-01
9.053286314010620117e-01
9.045171737670898438e-01
9.042466878890991211e-01
9.037057161331176758e-01
9.034352302551269531e-01
9.028942584991455078e-01
9.023532867431640625e-01
9.012712836265563965e-01
9.010007977485656738e-01
9.001893401145935059e-01
8.977549076080322266e-01
8.972139358520507812e-01
8.969434499740600586e-01
8.966729640960693359e-01
8.964024782180786133e-01
8.961319923400878906e-01
8.955910205841064453e-01
8.947795629501342773e-01
8.942385911941528320e-01
8.934270739555358887e-01
8.934270739555358887e-01
8.923451304435729980e-01
8.909927010536193848e-01
8.904517292976379395e-01
8.890992403030395508e-01
8.885582685470581055e-01
8.877468109130859375e-01
8.872058391571044922e-01
8.866648674011230469e-01
8.861238956451416016e-01
8.845009207725524902e-01
8.836894631385803223e-01
8.834189772605895996e-01
8.834189772605895996e-01
8.828780055046081543e-01
8.820665478706359863e-01
8.815255761146545410e-01
8.809846043586730957e-01
8.804436326026916504e-01
8.796321153640747070e-01
8.788206577301025391e-01
8.782796859741210938e-01
8.774682283401489258e-01
8.771977424621582031e-01
8.769272565841674805e-01
8.766567707061767578e-01
8.753042817115783691e-01
8.747633099555969238e-01
8.742223381996154785e-01
8.734108805656433105e-01
8.725994229316711426e-01
8.717879652976989746e-01
8.707059621810913086e-01
8.696240186691284180e-01
8.685420751571655273e-01
8.671895861625671387e-01
8.666486144065856934e-01
8.658371567726135254e-01
8.652961850166320801e-01
8.647552132606506348e-01
8.642142415046691895e-01
8.634027838706970215e-01
8.631322979927062988e-01
8.620502948760986328e-01
8.612388372421264648e-01
8.601568937301635742e-01
8.596159219741821289e-01
8.593454360961914062e-01
8.588044643402099609e-01
8.579929471015930176e-01
8.563700318336486816e-01
8.555585741996765137e-01
8.547471165657043457e-01
8.539355993270874023e-01
8.533946275711059570e-01
8.525831699371337891e-01
8.512307405471801758e-01
8.506897687911987305e-01
8.498782515525817871e-01
8.490667939186096191e-01
8.482553362846374512e-01
8.474438786506652832e-01
8.460914492607116699e-01
8.452799320220947266e-01
8.447389602661132812e-01
8.441979885101318359e-01
8.431160449981689453e-01
8.428455591201782227e-01
8.423045873641967773e-01
8.417636156082153320e-01
8.409520983695983887e-01
8.401406407356262207e-01
8.395996689796447754e-01
8.387882113456726074e-01
8.379767537117004395e-01
8.360832929611206055e-01
8.352718353271484375e-01
8.344603776931762695e-01
8.336489200592041016e-01
8.325669169425964355e-01
8.309440016746520996e-01
8.298620581626892090e-01
8.293210864067077637e-01
8.282390832901000977e-01
8.258047103881835938e-01
8.252637386322021484e-01
8.247227668762207031e-01
8.236407637596130371e-01
8.228293061256408691e-01
8.214768767356872559e-01
8.198539614677429199e-01
8.185014724731445312e-01
8.176900148391723633e-01
8.155261278152465820e-01
8.152556419372558594e-01
8.141736388206481934e-01
8.139031529426574707e-01
8.128212094306945801e-01
8.114687800407409668e-01
8.106572628021240234e-01
8.095753192901611328e-01
8.076819181442260742e-01
8.068704605102539062e-01
8.063294291496276855e-01
8.052474856376647949e-01
8.044360280036926270e-01
8.025426268577575684e-01
8.014606237411499023e-01
8.006491661071777344e-01
7.998377084732055664e-01
7.984852790832519531e-01
7.976737618446350098e-01
7.965918183326721191e-01
7.944279313087463379e-01
7.933459281921386719e-01
7.917230129241943359e-01
7.909115552902221680e-01
7.898296117782592773e-01
7.884771227836608887e-01
7.876656651496887207e-01
7.865837216377258301e-01
7.855017781257629395e-01
7.841492891311645508e-01
7.830673456192016602e-01
7.822558879852294922e-01
7.809034585952758789e-01
7.798214554786682129e-01
7.787395119667053223e-01
7.779280543327331543e-01
7.773870825767517090e-01
7.763051390647888184e-01
7.749526500701904297e-01
7.741411924362182617e-01
7.736002206802368164e-01
7.730592489242553711e-01
7.719773054122924805e-01
7.708953022956848145e-01
7.703543305397033691e-01
7.695428729057312012e-01
7.671084403991699219e-01
7.662969827651977539e-01
7.657560110092163086e-01
7.652150392532348633e-01
7.644035816192626953e-01
7.638626098632812500e-01
7.627806067466735840e-01
7.616986632347106934e-01
7.608872056007385254e-01
7.589938044548034668e-01
7.581822872161865234e-01
7.573708295822143555e-01
7.571003437042236328e-01
7.554774284362792969e-01
7.546659708023071289e-01
7.533134818077087402e-01
7.525020241737365723e-01
7.511495947837829590e-01
7.503381371498107910e-01
7.489856481552124023e-01
7.479037046432495117e-01
7.468217611312866211e-01
7.460103034973144531e-01
7.449283003807067871e-01
7.433053851127624512e-01
7.419529557228088379e-01
7.408709526062011719e-01
7.395185232162475586e-01
7.387070655822753906e-01
7.376251220703125000e-01
7.357316613197326660e-01
7.346497178077697754e-01
7.335677742958068848e-01
7.332972884178161621e-01
7.305923700332641602e-01
7.297809123992919922e-01
7.284284830093383789e-01
7.281579375267028809e-01
7.268055081367492676e-01
7.262645363807678223e-01
7.254530787467956543e-01
7.246416211128234863e-01
7.235596179962158203e-01
7.224776744842529297e-01
7.216662168502807617e-01
7.205842733383178711e-01
7.192317843437194824e-01
7.181498408317565918e-01
7.170678973197937012e-01
7.149039506912231445e-01
7.138220071792602539e-01
7.130105495452880859e-01
7.121990919113159180e-01
7.113876342773437500e-01
7.100351452827453613e-01
7.086827158927917480e-01
7.076007723808288574e-01
7.051663398742675781e-01
7.040843963623046875e-01
7.027319669723510742e-01
7.019204497337341309e-01
7.002975344657897949e-01
6.992155909538269043e-01
6.981336474418640137e-01
6.975926160812377930e-01
6.965106725692749023e-01
6.954287290573120117e-01
6.943467855453491211e-01
6.935353279113769531e-01
6.927238106727600098e-01
6.919123530387878418e-01
6.905599236488342285e-01
6.894779801368713379e-01
6.883959770202636719e-01
6.878550052642822266e-01
6.867730617523193359e-01
6.854206323623657227e-01
6.843386292457580566e-01
6.832566857337951660e-01
6.824452280998229980e-01
6.813632845878601074e-01
6.802812814712524414e-01
6.789288520812988281e-01
6.778469085693359375e-01
6.764944791793823242e-01
6.754124760627746582e-01
6.743305325508117676e-01
6.732485890388488770e-01
6.721666455268859863e-01
6.710846424102783203e-01
6.691912412643432617e-01
6.683797836303710938e-01
6.675683259963989258e-01
6.664863228797912598e-01
6.654043793678283691e-01
6.643224358558654785e-01
6.629699468612670898e-01
6.618880033493041992e-01
6.605355739593505859e-01
6.597241163253784180e-01
6.586421132087707520e-01
6.575601696968078613e-01
6.564782261848449707e-01
6.551257967948913574e-01
6.543142795562744141e-01
6.532323360443115234e-01
6.521503925323486328e-01
6.510684490203857422e-01
6.502569913864135742e-01
6.489045023918151855e-01
6.480930447578430176e-01
6.461996436119079590e-01
6.453881263732910156e-01
6.440356969833374023e-01
6.429537534713745117e-01
6.416013240814208984e-01
6.407898068428039551e-01
6.394373774528503418e-01
6.388964056968688965e-01
6.372734904289245605e-01
6.361914873123168945e-01
6.351095438003540039e-01
6.340276002883911133e-01
6.326751708984375000e-01
6.318636536598205566e-01
6.305112242698669434e-01
6.294292807579040527e-01
6.283473372459411621e-01
6.272653341293334961e-01
6.267243623733520508e-01
6.259129047393798828e-01
6.251014471054077148e-01
6.237489581108093262e-01
6.229375004768371582e-01
6.215850710868835449e-01
6.202326416969299316e-01
6.191506385803222656e-01
6.183391809463500977e-01
6.172572374343872070e-01
6.161752939224243164e-01
6.131998896598815918e-01
6.121179461479187012e-01
6.102244853973388672e-01
6.094130277633666992e-01
6.086015701293945312e-01
6.075196266174316406e-01
6.064376235008239746e-01
6.053556799888610840e-01
6.040032505989074707e-01
6.026508212089538574e-01
6.012983322143554688e-01
6.002163887023925781e-01
5.991344451904296875e-01
5.983229875564575195e-01
5.972409844398498535e-01
5.958885550498962402e-01
5.948066115379333496e-01
5.939951539039611816e-01
5.929131507873535156e-01
5.912902355194091797e-01
5.904787778854370117e-01
5.896673202514648438e-01
5.888558030128479004e-01
5.875033736228942871e-01
5.856099724769592285e-01
5.842574834823608398e-01
5.831755399703979492e-01
5.818231105804443359e-01
5.802001357078552246e-01
5.791181921958923340e-01
5.783067345619201660e-01
5.772247910499572754e-01
5.761428475379943848e-01
5.747903585433959961e-01
5.734379291534423828e-01
5.723559856414794922e-01
5.704625248908996582e-01
5.693805813789367676e-01
5.682986378669738770e-01
5.674871802330017090e-01
5.661346912384033203e-01
5.650527477264404297e-01
5.637003183364868164e-01
5.628888010978698730e-01
5.615363717079162598e-01
5.604544281959533691e-01
5.593724846839904785e-01
5.582904815673828125e-01
5.572085380554199219e-01
5.561265945434570312e-01
5.547741651535034180e-01
5.536921620368957520e-01
5.526102185249328613e-01
5.515282750129699707e-01
5.501758456230163574e-01
5.493643283843994141e-01
5.480118989944458008e-01
5.472004413604736328e-01
5.461184978485107422e-01
5.447660088539123535e-01
5.439545512199401855e-01
5.426021218299865723e-01
5.415201783180236816e-01
5.398972034454345703e-01
5.388152599334716797e-01
5.374628305435180664e-01
5.363808274269104004e-01
5.350283980369567871e-01
5.342169404029846191e-01
5.328645110130310059e-01
5.317825078964233398e-01
5.304300785064697266e-01
5.293481349945068359e-01
5.279956459999084473e-01
5.269137024879455566e-01
5.255612730979919434e-01
5.247498154640197754e-01
5.233973264694213867e-01
5.223153829574584961e-01
5.212334394454956055e-01
5.201514959335327148e-01
5.187990069389343262e-01
5.174465775489807129e-01
5.163646340370178223e-01
5.150121450424194336e-01
5.139302015304565430e-01
5.125777721405029297e-01
5.114958286285400391e-01
5.104138255119323730e-01
5.087909102439880371e-01
5.074384808540344238e-01
5.060859918594360352e-01
5.047335624694824219e-01
5.039221048355102539e-01
5.025696754455566406e-01
5.012171864509582520e-01
4.998647570610046387e-01
4.987827837467193604e-01
4.974303543567657471e-01
4.963483810424804688e-01
4.952664375305175781e-01
4.941844642162322998e-01
4.928320348262786865e-01
4.917500615119934082e-01
4.903976321220397949e-01
4.893156588077545166e-01
4.885042011737823486e-01
4.868812561035156250e-01
4.857992827892303467e-01
4.847173392772674561e-01
4.836353659629821777e-01
4.822829365730285645e-01
4.812009632587432861e-01
4.798485338687896729e-01
4.787665605545043945e-01
4.774141311645507812e-01
4.763321578502655029e-01
4.749796986579895020e-01
4.738977551460266113e-01
4.725452959537506104e-01
4.714633524417877197e-01
4.701108932495117188e-01
4.690289497375488281e-01
4.674060046672821045e-01
4.663240611553192139e-01
4.649716019630432129e-01
4.638896286487579346e-01
4.625371992588043213e-01
4.617257118225097656e-01
4.606437683105468750e-01
4.592913091182708740e-01
4.584798514842987061e-01
4.571273922920227051e-01
4.560454487800598145e-01
4.546929895877838135e-01
4.536110460758209229e-01
4.522585868835449219e-01
4.511766433715820312e-01
4.500946700572967529e-01
4.487422108650207520e-01
4.473897814750671387e-01
4.463078081607818604e-01
4.449553787708282471e-01
4.438734054565429688e-01
4.417094886302947998e-01
4.406275451183319092e-01
4.392750859260559082e-01
4.381931424140930176e-01
4.368406832218170166e-01
4.357587099075317383e-01
4.335947930812835693e-01
4.325128495693206787e-01
4.311603903770446777e-01
4.298079609870910645e-01
4.287259876728057861e-01
4.273735582828521729e-01
4.262915849685668945e-01
4.249391257762908936e-01
4.238571822643280029e-01
4.225047230720520020e-01
4.214227795600891113e-01
4.200703203678131104e-01
4.189883768558502197e-01
4.176359176635742188e-01
4.165539741516113281e-01
4.152015149593353271e-01
4.143900573253631592e-01
4.130375981330871582e-01
4.119556248188018799e-01
4.106031954288482666e-01
4.095212221145629883e-01
4.081687927246093750e-01
4.070868194103240967e-01
4.060048758983612061e-01
4.049229025840759277e-01
4.035704731941223145e-01
4.022180140018463135e-01
4.014065563678741455e-01
4.003245830535888672e-01
3.992426395416259766e-01
3.978901803493499756e-01
3.968082368373870850e-01
3.951852917671203613e-01
3.941033184528350830e-01
3.924804031848907471e-01
3.913984298706054688e-01
3.897754848003387451e-01
3.886935412883758545e-01
3.873410820960998535e-01
3.854476511478424072e-01
3.840952217578887939e-01
3.827427625656127930e-01
3.813903033733367920e-01
3.803083598613739014e-01
3.789559006690979004e-01
3.773329854011535645e-01
3.759805262088775635e-01
3.748985528945922852e-01
3.735461235046386719e-01
3.724641501903533936e-01
3.711117208003997803e-01
3.692182898521423340e-01
3.681363165378570557e-01
3.667838871479034424e-01
3.657019138336181641e-01
3.646199703216552734e-01
3.635379970073699951e-01
3.616445660591125488e-01
3.602921366691589355e-01
3.589396774768829346e-01
3.578577339649200439e-01
3.565052747726440430e-01
3.554233014583587646e-01
3.540708720684051514e-01
3.529888987541198730e-01
3.516364693641662598e-01
3.505544960498809814e-01
3.492020666599273682e-01
3.481200933456420898e-01
3.467676639556884766e-01
3.459561765193939209e-01
3.446037471294403076e-01
3.429808020591735840e-01
3.416283428668975830e-01
3.402759134769439697e-01
3.391939401626586914e-01
3.378414809703826904e-01
3.370300233364105225e-01
3.351365923881530762e-01
3.340546488761901855e-01
3.327021896839141846e-01
3.318907320499420166e-01
3.305382728576660156e-01
3.294563293457031250e-01
3.281038701534271240e-01
3.270218968391418457e-01
3.256694674491882324e-01
3.245874941349029541e-01
3.232350647449493408e-01
3.221530914306640625e-01
3.208006620407104492e-01
3.197186887264251709e-01
3.183662295341491699e-01
3.172842860221862793e-01
3.162023127079010010e-01
3.151203691959381104e-01
3.134974241256713867e-01
3.121449947357177734e-01
3.110630214214324951e-01
3.097105622291564941e-01
3.086286187171936035e-01
3.072761595249176025e-01
3.064647018909454346e-01
3.051122426986694336e-01
3.040302991867065430e-01
3.026778399944305420e-01
3.015958964824676514e-01
3.002434372901916504e-01
2.988909780979156494e-01
2.975385487079620361e-01
2.964565753936767578e-01
2.948336601257324219e-01
2.937516868114471436e-01
2.921287417411804199e-01
2.910467982292175293e-01
2.896943390369415283e-01
2.886123955249786377e-01
2.872599363327026367e-01
2.861779928207397461e-01
2.848255336284637451e-01
2.837435901165008545e-01
2.823911309242248535e-01
2.810386717319488525e-01
2.799567282199859619e-01
2.786042690277099609e-01
2.775223255157470703e-01
2.764403522014617920e-01
2.753584086894989014e-01
2.740059494972229004e-01
2.729240059852600098e-01
2.715715467929840088e-01
2.704895734786987305e-01
2.691371440887451172e-01
2.680551707744598389e-01
2.669732272624969482e-01
2.658912539482116699e-01
2.645388245582580566e-01
2.634568512439727783e-01
2.621044218540191650e-01
2.602109909057617188e-01
2.588585317134857178e-01
2.577765882015228271e-01
2.564241290092468262e-01
2.553421556949615479e-01
2.539897263050079346e-01
2.518258094787597656e-01
2.507438361644744873e-01
2.493913918733596802e-01
2.483094334602355957e-01
2.469569891691207886e-01
2.458750307559967041e-01
2.445225864648818970e-01
2.434406280517578125e-01
2.420881837606430054e-01
2.410062253475189209e-01
2.396537661552429199e-01
2.383013218641281128e-01
2.369488775730133057e-01
2.358669191598892212e-01
2.326210439205169678e-01
2.315390855073928833e-01
2.301866412162780762e-01
2.291046828031539917e-01
2.277522385120391846e-01
2.266702800989151001e-01
2.253178209066390991e-01
2.245063632726669312e-01
2.231539040803909302e-01
2.204490154981613159e-01
2.190965712070465088e-01
2.177441120147705078e-01
2.166621536016464233e-01
2.153097093105316162e-01
2.142277508974075317e-01
2.128753066062927246e-01
2.117933481931686401e-01
2.104409039020538330e-01
2.093589454889297485e-01
2.080064862966537476e-01
2.069245278835296631e-01
2.055720835924148560e-01
2.044901251792907715e-01
2.031376808881759644e-01
2.020557224750518799e-01
2.007032781839370728e-01
1.998918056488037109e-01
1.988098472356796265e-01
1.977278888225555420e-01
1.963754445314407349e-01
1.944820135831832886e-01
1.931295692920684814e-01
1.920476108789443970e-01
1.906951516866683960e-01
1.893427073955535889e-01
1.882607489824295044e-01
1.871787905693054199e-01
1.860968321561813354e-01
1.847443878650665283e-01
1.836624294519424438e-01
1.823099851608276367e-01
1.812280267477035522e-01
1.798755675554275513e-01
1.787936091423034668e-01
1.774411648511886597e-01
1.763592064380645752e-01
1.750067621469497681e-01
1.739248037338256836e-01
1.725723594427108765e-01
1.714904010295867920e-01
1.701379567384719849e-01
1.690559983253479004e-01
1.677035391330718994e-01
1.666215807199478149e-01
1.652691364288330078e-01
1.641871780157089233e-01
1.628347337245941162e-01
1.612117886543273926e-01
1.601298302412033081e-01
1.587773859500885010e-01
1.576954275369644165e-01
1.566134691238403320e-01
1.539085805416107178e-01
1.525561213493347168e-01
1.514741629362106323e-01
1.501217186450958252e-01
1.490397602319717407e-01
1.455233991146087646e-01
1.444414407014846802e-01
1.430889964103698730e-01
1.420070379972457886e-01
1.406545788049697876e-01
1.395726203918457031e-01
1.382201761007308960e-01
1.371382176876068115e-01
1.357857733964920044e-01
1.347038149833679199e-01
1.333513706922531128e-01
1.322694122791290283e-01
1.309169530868530273e-01
1.298349946737289429e-01
1.284825503826141357e-01
1.271301060914993286e-01
1.260481476783752441e-01
1.246956959366798401e-01
1.236137375235557556e-01
1.222612932324409485e-01
1.211793348193168640e-01
1.198268830776214600e-01
1.184744387865066528e-01
1.173924803733825684e-01
1.163105219602584839e-01
1.149580776691436768e-01
1.138761192560195923e-01
1.125236675143241882e-01
1.111712232232093811e-01
1.098187714815139771e-01
1.087368130683898926e-01
1.073843687772750854e-01
1.063024103641510010e-01
1.033270210027694702e-01
1.022450625896453857e-01
1.008926182985305786e-01
9.981065988540649414e-02
9.845820814371109009e-02
9.710576385259628296e-02
9.602380543947219849e-02
9.467135369777679443e-02
9.358939528465270996e-02
9.223695099353790283e-02
8.899107575416564941e-02
8.763862401247024536e-02
8.655666559934616089e-02
8.520422130823135376e-02
8.412226289510726929e-02
8.276981115341186523e-02
8.168785274028778076e-02
8.033540844917297363e-02
7.654855400323867798e-02
7.519610226154327393e-02
7.411414384841918945e-02
7.276169955730438232e-02
7.167974114418029785e-02
7.032728940248489380e-02
6.924533098936080933e-02
6.789288669824600220e-02
6.681092828512191772e-02
6.545847654342651367e-02
6.437651813030242920e-02
5.734379217028617859e-02
5.599134415388107300e-02
5.490938574075698853e-02
5.355693772435188293e-02
5.247497931122779846e-02
5.112253129482269287e-02
5.004057288169860840e-02
4.868812486529350281e-02
4.760616645216941833e-02
4.625371843576431274e-02
4.517176002264022827e-02
4.381931200623512268e-02
4.246686398983001709e-02
4.111441597342491150e-02
4.003245756030082703e-02
3.868000954389572144e-02
3.759805113077163696e-02
3.624560311436653137e-02
3.516364470124244690e-02
3.381119668483734131e-02
3.272923827171325684e-02
3.137679025530815125e-02
3.029483370482921600e-02
2.894238568842411041e-02
2.786042727530002594e-02
2.677846886217594147e-02
2.542602084577083588e-02
2.434406243264675140e-02
2.299161441624164581e-02
2.190965600311756134e-02
2.055720798671245575e-02
1.947524957358837128e-02
1.812280155718326569e-02
1.731133274734020233e-02
1.595888473093509674e-02
1.487692724913358688e-02
1.352447923272848129e-02
1.244252081960439682e-02
1.109007280319929123e-02
1.000811439007520676e-02
8.655666373670101166e-03
7.573708426207304001e-03
6.221260409802198410e-03
5.139301996678113937e-03
3.786854213103652000e-03
2.704895799979567528e-03
1.352447899989783764e-03
