9.986475706100463867e-01
9.978361129760742188e-01
9.972950816154479980e-01
9.972950816154479980e-01
9.967541098594665527e-01
9.962131381034851074e-01
9.956721663475036621e-01
9.948607087135314941e-01
9.943197369575500488e-01
9.937787652015686035e-01
9.935082793235778809e-01
9.935082793235778809e-01
9.929672479629516602e-01
9.921557903289794922e-01
9.910738468170166016e-01
9.905328750610351562e-01
9.899919033050537109e-01
9.894509315490722656e-01
9.889099001884460449e-01
9.889099001884460449e-01
9.883689284324645996e-01
9.880984425544738770e-01
9.880984425544738770e-01
9.878279566764831543e-01
9.872869849205017090e-01
9.864755272865295410e-01
9.864755272865295410e-01
9.864755272865295410e-01
9.864755272865295410e-01
9.853935837745666504e-01
9.851230978965759277e-01
9.851230978965759277e-01
9.848526120185852051e-01
9.845820665359497070e-01
9.843115806579589844e-01
9.840410947799682617e-01
9.835001230239868164e-01
9.832296371459960938e-01
9.829591512680053711e-01
9.824181795120239258e-01
9.821476936340332031e-01
9.816067218780517578e-01
9.816067218780517578e-01
9.816067218780517578e-01
9.810657501220703125e-01
9.807952642440795898e-01
9.805247783660888672e-01
9.797132611274719238e-01
9.789018034934997559e-01
9.783608317375183105e-01
9.780903458595275879e-01
9.778198599815368652e-01
9.778198599815368652e-01
9.772788882255554199e-01
9.770084023475646973e-01
9.767379164695739746e-01
9.759263992309570312e-01
9.753854274749755859e-01
9.753854274749755859e-01
9.753854274749755859e-01
9.748444557189941406e-01
9.748444557189941406e-01
9.743034839630126953e-01
9.743034839630126953e-01
9.743034839630126953e-01
9.726805686950683594e-01
9.726805686950683594e-01
9.724100828170776367e-01
9.718691110610961914e-01
9.707871079444885254e-01
9.705166220664978027e-01
9.691641926765441895e-01
9.691641926765441895e-01
9.688937067985534668e-01
9.686232209205627441e-01
9.683527350425720215e-01
9.683527350425720215e-01
9.678117632865905762e-01
9.675412774085998535e-01
9.672707319259643555e-01
9.670002460479736328e-01
9.667297601699829102e-01
9.664592742919921875e-01
9.664592742919921875e-01
9.661887884140014648e-01
9.642953872680664062e-01
9.637544155120849609e-01
9.634839296340942383e-01
9.632134437561035156e-01
9.629428982734680176e-01
9.629428982734680176e-01
9.626724123954772949e-01
9.624019265174865723e-01
9.618609547615051270e-01
9.613199830055236816e-01
9.607790112495422363e-01
9.605085253715515137e-01
9.596970677375793457e-01
9.575331211090087891e-01
9.567216634750366211e-01
9.567216634750366211e-01
9.564511775970458984e-01
9.559102058410644531e-01
9.553692340850830078e-01
9.550987482070922852e-01
9.548282623291015625e-01
9.542872309684753418e-01
9.537462592124938965e-01
9.534757733345031738e-01
9.532052874565124512e-01
9.529348015785217285e-01
9.515823721885681152e-01
9.496889114379882812e-01
9.488774538040161133e-01
9.486069679260253906e-01
9.483364820480346680e-01
9.480659961700439453e-01
9.475250244140625000e-01
9.472545385360717773e-01
9.469840526580810547e-01
9.467135667800903320e-01
9.464430809020996094e-01
9.461725950241088867e-01
9.456315636634826660e-01
9.453610777854919434e-01
9.450905919075012207e-01
9.442791342735290527e-01
9.437381625175476074e-01
9.437381625175476074e-01
9.431971907615661621e-01
9.431971907615661621e-01
9.429267048835754395e-01
9.423857331275939941e-01
9.418447613716125488e-01
9.404922723770141602e-01
9.402217864990234375e-01
9.402217864990234375e-01
9.396808147430419922e-01
9.388693571090698242e-01
9.385988712310791016e-01
9.375169277191162109e-01
9.367054104804992676e-01
9.367054104804992676e-01
9.364349246025085449e-01
9.364349246025085449e-01
9.361644387245178223e-01
9.350824952125549316e-01
9.348120093345642090e-01
9.345415234565734863e-01
9.326481223106384277e-01
9.326481223106384277e-01
9.323775768280029297e-01
9.321070909500122070e-01
9.312956333160400391e-01
9.310251474380493164e-01
9.307546615600585938e-01
9.302136898040771484e-01
9.302136898040771484e-01
9.302136898040771484e-01
9.299432039260864258e-01
9.291317462921142578e-01
9.288612604141235352e-01
9.280497431755065918e-01
9.277792572975158691e-01
9.275087714195251465e-01
9.269677996635437012e-01
9.264268279075622559e-01
9.245334267616271973e-01
9.239924550056457520e-01
9.231809377670288086e-01
9.226399660110473633e-01
9.223694801330566406e-01
9.220989942550659180e-01
9.220989942550659180e-01
9.218285083770751953e-01
9.212875366210937500e-01
9.210170507431030273e-01
9.204760789871215820e-01
9.202055931091308594e-01
9.199351072311401367e-01
9.191235899925231934e-01
9.191235899925231934e-01
9.183121323585510254e-01
9.177711606025695801e-01
9.177711606025695801e-01
9.172301888465881348e-01
9.172301888465881348e-01
9.164187312126159668e-01
9.161482453346252441e-01
9.158777594566345215e-01
9.156072735786437988e-01
9.131728410720825195e-01
9.126318693161010742e-01
9.126318693161010742e-01
9.118204116821289062e-01
9.118204116821289062e-01
9.110089540481567383e-01
9.110089540481567383e-01
9.110089540481567383e-01
9.107384085655212402e-01
9.101974368095397949e-01
9.085745215415954590e-01
9.077630639076232910e-01
9.069516062736511230e-01
9.064105749130249023e-01
9.061400890350341797e-01
9.055991172790527344e-01
9.050581455230712891e-01
9.045171737670898438e-01
9.042466878890991211e-01
9.028942584991455078e-01
9.026237726211547852e-01
9.018122553825378418e-01
9.001893401145935059e-01
8.999188542366027832e-01
8.991073966026306152e-01
8.985664248466491699e-01
8.985664248466491699e-01
8.982959389686584473e-01
8.972139358520507812e-01
8.964024782180786133e-01
8.955910205841064453e-01
8.947795629501342773e-01
8.945090770721435547e-01
8.939681053161621094e-01
8.939681053161621094e-01
8.939681053161621094e-01
8.931565880775451660e-01
8.928861021995544434e-01
8.923451304435729980e-01
8.918041586875915527e-01
8.909927010536193848e-01
8.899107575416564941e-01
8.888287544250488281e-01
8.885582685470581055e-01
8.880172967910766602e-01
8.877468109130859375e-01
8.872058391571044922e-01
8.866648674011230469e-01
8.858534097671508789e-01
8.853124380111694336e-01
8.836894631385803223e-01
8.828780055046081543e-01
8.820665478706359863e-01
8.820665478706359863e-01
8.817960619926452637e-01
8.812550902366638184e-01
8.804436326026916504e-01
8.796321153640747070e-01
8.793616294860839844e-01
8.788206577301025391e-01
8.782796859741210938e-01
8.780092000961303711e-01
8.766567707061767578e-01
8.761157989501953125e-01
8.750337958335876465e-01
8.747633099555969238e-01
8.736813664436340332e-01
8.731403946876525879e-01
8.720584511756896973e-01
8.712469339370727539e-01
8.704354763031005859e-01
8.698945045471191406e-01
8.698945045471191406e-01
8.688125610351562500e-01
8.682715892791748047e-01
8.674601316452026367e-01
8.671895861625671387e-01
8.666486144065856934e-01
8.658371567726135254e-01
8.652961850166320801e-01
8.644847273826599121e-01
8.636732697486877441e-01
8.631322979927062988e-01
8.617798089981079102e-01
8.606978654861450195e-01
8.601568937301635742e-01
8.593454360961914062e-01
8.588044643402099609e-01
8.579929471015930176e-01
8.574519753456115723e-01
8.563700318336486816e-01
8.555585741996765137e-01
8.547471165657043457e-01
8.536651134490966797e-01
8.525831699371337891e-01
8.520421981811523438e-01
8.515012264251708984e-01
8.506897687911987305e-01
8.501487970352172852e-01
8.493372797966003418e-01
8.487963080406188965e-01
8.482553362846374512e-01
8.474438786506652832e-01
8.460914492607116699e-01
8.452799320220947266e-01
8.447389602661132812e-01
8.441979885101318359e-01
8.433865308761596680e-01
8.425750732421875000e-01
8.417636156082153320e-01
8.412225842475891113e-01
8.401406407356262207e-01
8.393291831016540527e-01
8.390586972236633301e-01
8.385177254676818848e-01
8.382472395896911621e-01
8.374357819557189941e-01
8.360832929611206055e-01
8.352718353271484375e-01
8.350013494491577148e-01
8.339194059371948242e-01
8.331079483032226562e-01
8.312144875526428223e-01
8.301325440406799316e-01
8.293210864067077637e-01
8.279685974121093750e-01
8.271571397781372070e-01
8.260751962661743164e-01
8.252637386322021484e-01
8.247227668762207031e-01
8.228293061256408691e-01
8.222883343696594238e-01
8.214768767356872559e-01
8.206654191017150879e-01
8.198539614677429199e-01
8.190424442291259766e-01
8.185014724731445312e-01
8.157966136932373047e-01
8.149850964546203613e-01
8.141736388206481934e-01
8.136326670646667480e-01
8.125507235527038574e-01
8.114687800407409668e-01
8.093048334121704102e-01
8.082228899002075195e-01
8.071409463882446289e-01
8.060589432716369629e-01
8.049769997596740723e-01
8.044360280036926270e-01
8.036245703697204590e-01
8.022721409797668457e-01
8.009196519851684570e-01
7.998377084732055664e-01
7.987557649612426758e-01
7.976737618446350098e-01
7.963213324546813965e-01
7.955098748207092285e-01
7.941574454307556152e-01
7.936164736747741699e-01
7.922639846801757812e-01
7.914525270462036133e-01
7.906410694122314453e-01
7.898296117782592773e-01
7.873951792716979980e-01
7.871246933937072754e-01
7.863132357597351074e-01
7.855017781257629395e-01
7.844197750091552734e-01
7.833378314971923828e-01
7.830673456192016602e-01
7.825263738632202148e-01
7.817149162292480469e-01
7.809034585952758789e-01
7.795509696006774902e-01
7.787395119667053223e-01
7.779280543327331543e-01
7.768461108207702637e-01
7.757641077041625977e-01
7.749526500701904297e-01
7.738707065582275391e-01
7.730592489242553711e-01
7.719773054122924805e-01
7.708953022956848145e-01
7.698133587837219238e-01
7.690019011497497559e-01
7.681904435157775879e-01
7.671084403991699219e-01
7.652150392532348633e-01
7.641330957412719727e-01
7.630511522293090820e-01
7.619691491127014160e-01
7.611576914787292480e-01
7.603462338447570801e-01
7.592642903327941895e-01
7.579118013381958008e-01
7.562888860702514648e-01
7.552069425582885742e-01
7.541249394416809082e-01
7.527725100517272949e-01
7.519610524177551270e-01
7.506086230278015137e-01
7.500676512718200684e-01
7.489856481552124023e-01
7.479037046432495117e-01
7.470922470092773438e-01
7.462807893753051758e-01
7.454692721366882324e-01
7.449283003807067871e-01
7.438463568687438965e-01
7.424939274787902832e-01
7.411414384841918945e-01
7.400594949722290039e-01
7.387070655822753906e-01
7.376251220703125000e-01
7.362726330757141113e-01
7.351906895637512207e-01
7.341087460517883301e-01
7.332972884178161621e-01
7.322152853012084961e-01
7.316743135452270508e-01
7.303218841552734375e-01
7.297809123992919922e-01
7.286989688873291016e-01
7.276169657707214355e-01
7.262645363807678223e-01
7.254530787467956543e-01
7.243711352348327637e-01
7.232891321182250977e-01
7.224776744842529297e-01
7.213957309722900391e-01
7.205842733383178711e-01
7.197728157043457031e-01
7.186908125877380371e-01
7.181498408317565918e-01
7.165269255638122559e-01
7.154449820518493652e-01
7.143629789352416992e-01
7.135515213012695312e-01
7.127400636672973633e-01
7.113876342773437500e-01
7.103056311607360840e-01
7.092236876487731934e-01
7.084122300148010254e-01
7.059777975082397461e-01
7.048958539962768555e-01
7.038139104843139648e-01
7.030024528503417969e-01
7.016499638557434082e-01
7.005680203437805176e-01
6.992155909538269043e-01
6.984041333198547363e-01
6.970516443252563477e-01
6.959697008132934570e-01
6.946172714233398438e-01
6.938058137893676758e-01
6.924533247947692871e-01
6.921828389167785645e-01
6.911008954048156738e-01
6.905599236488342285e-01
6.892074942588806152e-01
6.883959770202636719e-01
6.870435476303100586e-01
6.865025758743286133e-01
6.848796606063842773e-01
6.840681433677673340e-01
6.832566857337951660e-01
6.821747422218322754e-01
6.810927987098693848e-01
6.802812814712524414e-01
6.791993379592895508e-01
6.781173944473266602e-01
6.767649650573730469e-01
6.756829619407653809e-01
6.740600466728210449e-01
6.732485890388488770e-01
6.721666455268859863e-01
6.713551282882690430e-01
6.705436706542968750e-01
6.697322130203247070e-01
6.683797836303710938e-01
6.672977805137634277e-01
6.662158370018005371e-01
6.654043793678283691e-01
6.643224358558654785e-01
6.635109782218933105e-01
6.624289751052856445e-01
6.616175174713134766e-01
6.599946022033691406e-01
6.586421132087707520e-01
6.572896838188171387e-01
6.562077403068542480e-01
6.548553109169006348e-01
6.540437936782836914e-01
6.529618501663208008e-01
6.521503925323486328e-01
6.507979631423950195e-01
6.497159600257873535e-01
6.478225588798522949e-01
6.472815871238708496e-01
6.461996436119079590e-01
6.451176404953002930e-01
6.440356969833374023e-01
6.434947252273559570e-01
6.424127817153930664e-01
6.410602927207946777e-01
6.397078633308410645e-01
6.386259198188781738e-01
6.375439763069152832e-01
6.364619731903076172e-01
6.353800296783447266e-01
6.342980861663818359e-01
6.337571144104003906e-01
6.324046254158020020e-01
6.313226819038391113e-01
6.299702525138854980e-01
6.288883090019226074e-01
6.275358200073242188e-01
6.264538764953613281e-01
6.242899894714355469e-01
6.234784722328186035e-01
6.221260428428649902e-01
6.210440993309020996e-01
6.196916699409484863e-01
6.191506385803222656e-01
6.177982091903686523e-01
6.167162656784057617e-01
6.153638362884521484e-01
6.142818331718444824e-01
6.129294037818908691e-01
6.118474602699279785e-01
6.104949712753295898e-01
6.094130277633666992e-01
6.083310842514038086e-01
6.072491407394409180e-01
6.058966517448425293e-01
6.050851941108703613e-01
6.026508212089538574e-01
6.018393039703369141e-01
6.007573604583740234e-01
5.996754169464111328e-01
5.983229875564575195e-01
5.977819561958312988e-01
5.964295268058776855e-01
5.953475832939147949e-01
5.939951539039611816e-01
5.929131507873535156e-01
5.904787778854370117e-01
5.893968343734741211e-01
5.885853171348571777e-01
5.877738595008850098e-01
5.864214301109313965e-01
5.850690007209777832e-01
5.834460258483886719e-01
5.823640823364257812e-01
5.812821388244628906e-01
5.802001357078552246e-01
5.791181921958923340e-01
5.783067345619201660e-01
5.772247910499572754e-01
5.761428475379943848e-01
5.747903585433959961e-01
5.739789009094238281e-01
5.726264715194702148e-01
5.715444684028625488e-01
5.701920390129089355e-01
5.691100955009460449e-01
5.672166347503662109e-01
5.661346912384033203e-01
5.647822618484497070e-01
5.637003183364868164e-01
5.626183152198791504e-01
5.615363717079162598e-01
5.601839423179626465e-01
5.591019988059997559e-01
5.574790239334106445e-01
5.563970804214477539e-01
5.553151369094848633e-01
5.536921620368957520e-01
5.523397326469421387e-01
5.515282750129699707e-01
5.504463315010070801e-01
5.490938425064086914e-01
5.480118989944458008e-01
5.466594696044921875e-01
5.455774664878845215e-01
5.442250370979309082e-01
5.431430935859680176e-01
5.417906641960144043e-01
5.407086610794067383e-01
5.393562316894531250e-01
5.385447740554809570e-01
5.371923446655273438e-01
5.361103415489196777e-01
5.350283980369567871e-01
5.339464545249938965e-01
5.328645110130310059e-01
5.317825078964233398e-01
5.301595926284790039e-01
5.290776491165161133e-01
5.277251601219177246e-01
5.261022448539733887e-01
5.247498154640197754e-01
5.239383578300476074e-01
5.225858688354492188e-01
5.215039253234863281e-01
5.201514959335327148e-01
5.187990069389343262e-01
5.174465775489807129e-01
5.163646340370178223e-01
5.150121450424194336e-01
5.139302015304565430e-01
5.125777721405029297e-01
5.114958286285400391e-01
5.101433396339416504e-01
5.090613961219787598e-01
5.077089667320251465e-01
5.063564777374267578e-01
5.050040483474731445e-01
5.039221048355102539e-01
5.009467005729675293e-01
4.998647570610046387e-01
4.985122978687286377e-01
4.968893826007843018e-01
4.958074092864990234e-01
4.947254657745361328e-01
4.933730065822601318e-01
4.920205473899841309e-01
4.906681180000305176e-01
4.895861446857452393e-01
4.885042011737823486e-01
4.874222278594970703e-01
4.863402843475341797e-01
4.852583110332489014e-01
4.833648800849914551e-01
4.822829365730285645e-01
4.809304773807525635e-01
4.798485338687896729e-01
4.784960746765136719e-01
4.776846170425415039e-01
4.763321578502655029e-01
4.752502143383026123e-01
4.738977551460266113e-01
4.722748100757598877e-01
4.709223806858062744e-01
4.690289497375488281e-01
4.674060046672821045e-01
4.663240611553192139e-01
4.644306302070617676e-01
4.633486568927764893e-01
4.619962275028228760e-01
4.611847400665283203e-01
4.601027965545654297e-01
4.587503373622894287e-01
4.579388797283172607e-01
4.560454487800598145e-01
4.552339613437652588e-01
4.538815319538116455e-01
4.527995586395263672e-01
4.514471292495727539e-01
4.503651559352874756e-01
4.490127265453338623e-01
4.482012391090393066e-01
4.476602673530578613e-01
4.465782940387725830e-01
4.452258646488189697e-01
4.441438913345336914e-01
4.433324337005615234e-01
4.422504603862762451e-01
4.408980309963226318e-01
4.400865435600280762e-01
4.390046000480651855e-01
4.379226267337799072e-01
4.365701973438262939e-01
4.357587099075317383e-01
4.344062805175781250e-01
4.333243072032928467e-01
4.314308762550354004e-01
4.303489327430725098e-01
4.289964735507965088e-01
4.279145300388336182e-01
4.268325567245483398e-01
4.257506132125854492e-01
4.243981540203094482e-01
4.233162105083465576e-01
4.216932654380798340e-01
4.206112921237945557e-01
4.192588627338409424e-01
4.181768894195556641e-01
4.168244600296020508e-01
4.157424867153167725e-01
4.143900573253631592e-01
4.133080840110778809e-01
4.119556248188018799e-01
4.108736813068389893e-01
4.095212221145629883e-01
4.084392786026000977e-01
4.070868194103240967e-01
4.060048758983612061e-01
4.041114449501037598e-01
4.030294716358184814e-01
4.014065563678741455e-01
4.003245830535888672e-01
3.987016379833221436e-01
3.976196944713592529e-01
3.962672352790832520e-01
3.951852917671203613e-01
3.938328325748443604e-01
3.927508890628814697e-01
3.913984298706054688e-01
3.903164863586425781e-01
3.889640271663665771e-01
3.876115679740905762e-01
3.868001103401184082e-01
3.857181370258331299e-01
3.843657076358795166e-01
3.832837343215942383e-01
3.819313049316406250e-01
3.808493316173553467e-01
3.794969022274017334e-01
3.784149289131164551e-01
3.770624697208404541e-01
3.759805262088775635e-01
3.746280670166015625e-01
3.735461235046386719e-01
3.721936643123626709e-01
3.708412349224090576e-01
3.697592616081237793e-01
3.684068024158477783e-01
3.675953447818756104e-01
3.662428855895996094e-01
3.651609420776367188e-01
3.638084828853607178e-01
3.624560534954071045e-01
3.611035943031311035e-01
3.600216507911682129e-01
3.586691915988922119e-01
3.575872182846069336e-01
3.562347888946533203e-01
3.551528155803680420e-01
3.538003861904144287e-01
3.527184128761291504e-01
3.508249819278717041e-01
3.497430384159088135e-01
3.483905792236328125e-01
3.473086357116699219e-01
3.451447188854217529e-01
3.440627455711364746e-01
3.427103161811828613e-01
3.416283428668975830e-01
3.394644260406494141e-01
3.383824825286865234e-01
3.370300233364105225e-01
3.359480798244476318e-01
3.348661065101623535e-01
3.340546488761901855e-01
3.327021896839141846e-01
3.316202461719512939e-01
3.302677869796752930e-01
3.291858136653900146e-01
3.278333842754364014e-01
3.267514109611511230e-01
3.253989815711975098e-01
3.243170082569122314e-01
3.229645788669586182e-01
3.218826055526733398e-01
3.208006620407104492e-01
3.199891746044158936e-01
3.186367452144622803e-01
3.175547719001770020e-01
3.162023127079010010e-01
3.151203691959381104e-01
3.137679100036621094e-01
3.124154806137084961e-01
3.110630214214324951e-01
3.099810779094696045e-01
3.083581328392028809e-01
3.072761595249176025e-01
3.059237301349639893e-01
3.048417568206787109e-01
3.026778399944305420e-01
3.015958964824676514e-01
3.002434372901916504e-01
2.991614937782287598e-01
2.975385487079620361e-01
2.964565753936767578e-01
2.951041460037231445e-01
2.940221726894378662e-01
2.926697432994842529e-01
2.910467982292175293e-01
2.896943390369415283e-01
2.886123955249786377e-01
2.867189645767211914e-01
2.856369912624359131e-01
2.845550477504730225e-01
2.834730744361877441e-01
2.823911309242248535e-01
2.810386717319488525e-01
2.799567282199859619e-01
2.786042690277099609e-01
2.775223255157470703e-01
2.756288945674896240e-01
2.745469212532043457e-01
2.731944918632507324e-01
2.721125185489654541e-01
2.707600891590118408e-01
2.696781158447265625e-01
2.677846848964691162e-01
2.667027413845062256e-01
2.653502821922302246e-01
2.642683386802673340e-01
2.629158794879913330e-01
2.618339061737060547e-01
2.604814767837524414e-01
2.596699893474578857e-01
2.583175599575042725e-01
2.572355866432189941e-01
2.558831572532653809e-01
2.548011839389801025e-01
2.534487545490264893e-01
2.523667812347412109e-01
2.507438361644744873e-01
2.496618926525115967e-01
2.483094334602355957e-01
2.474979758262634277e-01
2.461455166339874268e-01
2.450635582208633423e-01
2.437111139297485352e-01
2.426291555166244507e-01
2.412767112255096436e-01
2.401947528123855591e-01
2.388423085212707520e-01
2.372193634510040283e-01
2.358669191598892212e-01
2.347849607467651367e-01
2.334325164556503296e-01
2.323505580425262451e-01
2.309981137514114380e-01
2.299161553382873535e-01
2.282932102680206299e-01
2.272112518548965454e-01
2.258588075637817383e-01
2.247768491506576538e-01
2.234244048595428467e-01
2.223424464464187622e-01
2.209899872541427612e-01
2.201785296201705933e-01
2.188260704278945923e-01
2.169326543807983398e-01
2.155801951885223389e-01
2.144982367753982544e-01
2.123343199491500854e-01
2.112523615360260010e-01
2.098999172449111938e-01
2.088179588317871094e-01
2.074655145406723022e-01
2.063835561275482178e-01
2.050311118364334106e-01
2.039491534233093262e-01
2.007032781839370728e-01
1.996213197708129883e-01
1.982688605785369873e-01
1.971869021654129028e-01
1.958344578742980957e-01
1.947524994611740112e-01
1.917771100997924805e-01
1.906951516866683960e-01
1.896131932735443115e-01
1.882607489824295044e-01
1.871787905693054199e-01
1.858263462781906128e-01
1.847443878650665283e-01
1.833919435739517212e-01
1.823099851608276367e-01
1.809575259685516357e-01
1.798755675554275513e-01
1.785231232643127441e-01
1.774411648511886597e-01
1.763592064380645752e-01
1.752772480249404907e-01
1.728428453207015991e-01
1.717608869075775146e-01
1.706789284944534302e-01
1.695969700813293457e-01
1.682445257902145386e-01
1.671625673770904541e-01
1.658101230859756470e-01
1.647281646728515625e-01
1.633757054805755615e-01
1.622937470674514771e-01
1.609413027763366699e-01
1.598593443632125854e-01
1.585069000720977783e-01
1.574249416589736938e-01
1.560724973678588867e-01
1.549905389547348022e-01
1.536380797624588013e-01
1.525561213493347168e-01
1.495807468891143799e-01
1.484987884759902954e-01
1.471463292837142944e-01
1.460643708705902100e-01
1.447119265794754028e-01
1.414660513401031494e-01
1.401136070489883423e-01
1.390316486358642578e-01
1.376792043447494507e-01
1.365972459316253662e-01
1.352447867393493652e-01
1.341628283262252808e-01
1.328103840351104736e-01
1.317284256219863892e-01
1.303759813308715820e-01
1.292940229177474976e-01
1.279415786266326904e-01
1.268596202135086060e-01
1.257776618003845215e-01
1.246956959366798401e-01
1.233432516455650330e-01
1.222612932324409485e-01
1.209088414907455444e-01
1.198268830776214600e-01
1.184744387865066528e-01
1.171219944953918457e-01
1.157695427536964417e-01
1.146875843405723572e-01
1.133351400494575500e-01
1.106302440166473389e-01
1.092777922749519348e-01
1.081958338618278503e-01
1.068433895707130432e-01
1.057614311575889587e-01
1.022450625896453857e-01
1.011631041765213013e-01
9.981065988540649414e-02
9.899918735027313232e-02
9.764674305915832520e-02
9.656478464603424072e-02
9.250743687152862549e-02
9.115499258041381836e-02
9.007303416728973389e-02
8.872058242559432983e-02
8.763862401247024536e-02
8.628617972135543823e-02
8.520422130823135376e-02
8.385176956653594971e-02
8.276981115341186523e-02
8.141736686229705811e-02
8.033540844917297363e-02
7.898295670747756958e-02
7.249120622873306274e-02
7.113876193761825562e-02
7.005680352449417114e-02
6.870435178279876709e-02
6.762239336967468262e-02
6.626994907855987549e-02
6.518799066543579102e-02
6.383553892374038696e-02
6.275358051061630249e-02
6.140113621950149536e-02
6.031917780637741089e-02
5.896672978997230530e-02
5.788477137684822083e-02
5.653232336044311523e-02
5.545036494731903076e-02
5.409791693091392517e-02
5.301595851778984070e-02
5.166351050138473511e-02
5.058155208826065063e-02
4.922910407185554504e-02
4.814714565873146057e-02
4.679469764232635498e-02
4.571273922920227051e-02
4.436029121279716492e-02
4.327833279967308044e-02
4.192588478326797485e-02
4.084392637014389038e-02
3.949147835373878479e-02
3.840951994061470032e-02
3.705707192420959473e-02
3.597511351108551025e-02
3.462266549468040466e-02
3.354070708155632019e-02
3.218825906515121460e-02
3.110630251467227936e-02
2.975385449826717377e-02
2.867189608514308929e-02
2.731944806873798370e-02
2.650797925889492035e-02
2.515553124248981476e-02
2.380308322608470917e-02
2.245063520967960358e-02
2.136867679655551910e-02
2.001622878015041351e-02
1.893427036702632904e-02
1.785231195390224457e-02
1.677035354077816010e-02
1.541790645569562912e-02
1.433594804257154465e-02
1.298350002616643906e-02
1.190154161304235458e-02
1.054909359663724899e-02
9.467135183513164520e-03
8.114687167108058929e-03
7.032729219645261765e-03
5.680281203240156174e-03
4.327833186835050583e-03
2.975385403260588646e-03
1.893427106551826000e-03
