9.991885423660278320e-01
9.972950816154479980e-01
9.964836239814758301e-01
9.943197369575500488e-01
9.943197369575500488e-01
9.926967620849609375e-01
9.921557903289794922e-01
9.918853044509887695e-01
9.916148185729980469e-01
9.913443326950073242e-01
9.908033609390258789e-01
9.905328750610351562e-01
9.902623891830444336e-01
9.897214174270629883e-01
9.894509315490722656e-01
9.889099001884460449e-01
9.889099001884460449e-01
9.889099001884460449e-01
9.886394143104553223e-01
9.878279566764831543e-01
9.870164990425109863e-01
9.867460131645202637e-01
9.851230978965759277e-01
9.848526120185852051e-01
9.848526120185852051e-01
9.845820665359497070e-01
9.840410947799682617e-01
9.837706089019775391e-01
9.832296371459960938e-01
9.826886653900146484e-01
9.826886653900146484e-01
9.824181795120239258e-01
9.816067218780517578e-01
9.805247783660888672e-01
9.805247783660888672e-01
9.794427752494812012e-01
9.794427752494812012e-01
9.786313176155090332e-01
9.780903458595275879e-01
9.778198599815368652e-01
9.778198599815368652e-01
9.761969447135925293e-01
9.761969447135925293e-01
9.759263992309570312e-01
9.759263992309570312e-01
9.753854274749755859e-01
9.751149415969848633e-01
9.737625122070312500e-01
9.734920263290405273e-01
9.734920263290405273e-01
9.732215404510498047e-01
9.729510545730590820e-01
9.729510545730590820e-01
9.729510545730590820e-01
9.729510545730590820e-01
9.726805686950683594e-01
9.724100828170776367e-01
9.718691110610961914e-01
9.718691110610961914e-01
9.715985655784606934e-01
9.710575938224792480e-01
9.707871079444885254e-01
9.688937067985534668e-01
9.688937067985534668e-01
9.686232209205627441e-01
9.683527350425720215e-01
9.678117632865905762e-01
9.672707319259643555e-01
9.667297601699829102e-01
9.667297601699829102e-01
9.667297601699829102e-01
9.667297601699829102e-01
9.661887884140014648e-01
9.656478166580200195e-01
9.656478166580200195e-01
9.648363590240478516e-01
9.645658731460571289e-01
9.645658731460571289e-01
9.624019265174865723e-01
9.624019265174865723e-01
9.610494971275329590e-01
9.607790112495422363e-01
9.605085253715515137e-01
9.605085253715515137e-01
9.605085253715515137e-01
9.599675536155700684e-01
9.599675536155700684e-01
9.591560959815979004e-01
9.586150646209716797e-01
9.583445787429809570e-01
9.564511775970458984e-01
9.561806917190551758e-01
9.559102058410644531e-01
9.559102058410644531e-01
9.553692340850830078e-01
9.550987482070922852e-01
9.548282623291015625e-01
9.545577764511108398e-01
9.545577764511108398e-01
9.537462592124938965e-01
9.534757733345031738e-01
9.532052874565124512e-01
9.532052874565124512e-01
9.515823721885681152e-01
9.515823721885681152e-01
9.513118863105773926e-01
9.513118863105773926e-01
9.513118863105773926e-01
9.510414004325866699e-01
9.507709145545959473e-01
9.507709145545959473e-01
9.505004286766052246e-01
9.499593973159790039e-01
9.494184255599975586e-01
9.486069679260253906e-01
9.480659961700439453e-01
9.472545385360717773e-01
9.461725950241088867e-01
9.459021091461181641e-01
9.453610777854919434e-01
9.448201060295104980e-01
9.440086483955383301e-01
9.437381625175476074e-01
9.434676766395568848e-01
9.429267048835754395e-01
9.429267048835754395e-01
9.421152472496032715e-01
9.421152472496032715e-01
9.418447613716125488e-01
9.413037300109863281e-01
9.399513006210327148e-01
9.394103288650512695e-01
9.391398429870605469e-01
9.388693571090698242e-01
9.385988712310791016e-01
9.380578994750976562e-01
9.375169277191162109e-01
9.372464418411254883e-01
9.364349246025085449e-01
9.358939528465270996e-01
9.353529810905456543e-01
9.350824952125549316e-01
9.350824952125549316e-01
9.345415234565734863e-01
9.342710375785827637e-01
9.342710375785827637e-01
9.340005517005920410e-01
9.321070909500122070e-01
9.318366050720214844e-01
9.315661191940307617e-01
9.304841756820678711e-01
9.299432039260864258e-01
9.294022321701049805e-01
9.291317462921142578e-01
9.288612604141235352e-01
9.280497431755065918e-01
9.272382855415344238e-01
9.269677996635437012e-01
9.264268279075622559e-01
9.261563420295715332e-01
9.258858561515808105e-01
9.253448843955993652e-01
9.245334267616271973e-01
9.237219095230102539e-01
9.231809377670288086e-01
9.229104518890380859e-01
9.229104518890380859e-01
9.226399660110473633e-01
9.220989942550659180e-01
9.218285083770751953e-01
9.210170507431030273e-01
9.210170507431030273e-01
9.210170507431030273e-01
9.207465648651123047e-01
9.204760789871215820e-01
9.185826182365417480e-01
9.183121323585510254e-01
9.180416464805603027e-01
9.180416464805603027e-01
9.172301888465881348e-01
9.169597029685974121e-01
9.166892170906066895e-01
9.161482453346252441e-01
9.156072735786437988e-01
9.150662422180175781e-01
9.150662422180175781e-01
9.142547845840454102e-01
9.134433269500732422e-01
9.131728410720825195e-01
9.112794399261474609e-01
9.107384085655212402e-01
9.104679226875305176e-01
9.104679226875305176e-01
9.099269509315490723e-01
9.099269509315490723e-01
9.093859791755676270e-01
9.091154932975769043e-01
9.085745215415954590e-01
9.083040356636047363e-01
9.077630639076232910e-01
9.069516062736511230e-01
9.061400890350341797e-01
9.055991172790527344e-01
9.053286314010620117e-01
9.050581455230712891e-01
9.045171737670898438e-01
9.039762020111083984e-01
9.034352302551269531e-01
9.031647443771362305e-01
9.028942584991455078e-01
9.020827412605285645e-01
9.015417695045471191e-01
9.010007977485656738e-01
9.004598259925842285e-01
8.999188542366027832e-01
8.996483683586120605e-01
8.988369107246398926e-01
8.982959389686584473e-01
8.980254530906677246e-01
8.969434499740600586e-01
8.966729640960693359e-01
8.964024782180786133e-01
8.958615064620971680e-01
8.950500488281250000e-01
8.942385911941528320e-01
8.939681053161621094e-01
8.931565880775451660e-01
8.926156163215637207e-01
8.918041586875915527e-01
8.912631869316101074e-01
8.904517292976379395e-01
8.904517292976379395e-01
8.896402716636657715e-01
8.885582685470581055e-01
8.880172967910766602e-01
8.863943815231323242e-01
8.853124380111694336e-01
8.845009207725524902e-01
8.839599490165710449e-01
8.836894631385803223e-01
8.831484913825988770e-01
8.828780055046081543e-01
8.823370337486267090e-01
8.812550902366638184e-01
8.807141184806823730e-01
8.799026012420654297e-01
8.796321153640747070e-01
8.793616294860839844e-01
8.785501718521118164e-01
8.774682283401489258e-01
8.771977424621582031e-01
8.766567707061767578e-01
8.763862848281860352e-01
8.758452534675598145e-01
8.758452534675598145e-01
8.750337958335876465e-01
8.734108805656433105e-01
8.731403946876525879e-01
8.725994229316711426e-01
8.725994229316711426e-01
8.715174198150634766e-01
8.698945045471191406e-01
8.685420751571655273e-01
8.674601316452026367e-01
8.669191002845764160e-01
8.658371567726135254e-01
8.650256991386413574e-01
8.644847273826599121e-01
8.636732697486877441e-01
8.636732697486877441e-01
8.631322979927062988e-01
8.620502948760986328e-01
8.615093231201171875e-01
8.609683513641357422e-01
8.606978654861450195e-01
8.596159219741821289e-01
8.588044643402099609e-01
8.582634329795837402e-01
8.577224612236022949e-01
8.555585741996765137e-01
8.547471165657043457e-01
8.539355993270874023e-01
8.536651134490966797e-01
8.531241416931152344e-01
8.528536558151245117e-01
8.506897687911987305e-01
8.496077656745910645e-01
8.482553362846374512e-01
8.477143645286560059e-01
8.474438786506652832e-01
8.466324210166931152e-01
8.458209633827209473e-01
8.447389602661132812e-01
8.428455591201782227e-01
8.417636156082153320e-01
8.412225842475891113e-01
8.406816124916076660e-01
8.401406407356262207e-01
8.385177254676818848e-01
8.377062678337097168e-01
8.368947505950927734e-01
8.360832929611206055e-01
8.352718353271484375e-01
8.347308635711669922e-01
8.331079483032226562e-01
8.328374624252319336e-01
8.317554593086242676e-01
8.312144875526428223e-01
8.298620581626892090e-01
8.287801146507263184e-01
8.276981115341186523e-01
8.271571397781372070e-01
8.260751962661743164e-01
8.255342245101928711e-01
8.249932527542114258e-01
8.228293061256408691e-01
8.220178484916687012e-01
8.209359049797058105e-01
8.203949332237243652e-01
8.195834755897521973e-01
8.185014724731445312e-01
8.166080713272094727e-01
8.160670995712280273e-01
8.149850964546203613e-01
8.136326670646667480e-01
8.130916953086853027e-01
8.125507235527038574e-01
8.120097517967224121e-01
8.109278082847595215e-01
8.101162910461425781e-01
8.095753192901611328e-01
8.087638616561889648e-01
8.065999746322631836e-01
8.052474856376647949e-01
8.047065138816833496e-01
8.030835986137390137e-01
8.020015954971313477e-01
8.006491661071777344e-01
7.998377084732055664e-01
7.987557649612426758e-01
7.982147932052612305e-01
7.968623042106628418e-01
7.957803606986999512e-01
7.949689030647277832e-01
7.938869595527648926e-01
7.930754423141479492e-01
7.919934988021850586e-01
7.909115552902221680e-01
7.898296117782592773e-01
7.890180945396423340e-01
7.882066369056701660e-01
7.871246933937072754e-01
7.860427498817443848e-01
7.849608063697814941e-01
7.841492891311645508e-01
7.830673456192016602e-01
7.827968597412109375e-01
7.803624272346496582e-01
7.798214554786682129e-01
7.790099978446960449e-01
7.781985402107238770e-01
7.771165966987609863e-01
7.763051390647888184e-01
7.757641077041625977e-01
7.741411924362182617e-01
7.727887630462646484e-01
7.719773054122924805e-01
7.708953022956848145e-01
7.695428729057312012e-01
7.684609293937683105e-01
7.673789262771606445e-01
7.662969827651977539e-01
7.654855251312255859e-01
7.646740674972534180e-01
7.633216381072998047e-01
7.625101208686828613e-01
7.608872056007385254e-01
7.600757479667663574e-01
7.589938044548034668e-01
7.579118013381958008e-01
7.571003437042236328e-01
7.560184001922607422e-01
7.552069425582885742e-01
7.549364566802978516e-01
7.535839676856994629e-01
7.527725100517272949e-01
7.519610524177551270e-01
7.500676512718200684e-01
7.487151622772216797e-01
7.479037046432495117e-01
7.468217611312866211e-01
7.457398176193237305e-01
7.449283003807067871e-01
7.441168427467346191e-01
7.430348992347717285e-01
7.422234416007995605e-01
7.408709526062011719e-01
7.397890090942382812e-01
7.384365797042846680e-01
7.365431189537048340e-01
7.354611754417419434e-01
7.346497178077697754e-01
7.332972884178161621e-01
7.324857711791992188e-01
7.300513982772827148e-01
7.295104265213012695e-01
7.281579375267028809e-01
7.273464798927307129e-01
7.262645363807678223e-01
7.254530787467956543e-01
7.243711352348327637e-01
7.235596179962158203e-01
7.222071886062622070e-01
7.216662168502807617e-01
7.205842733383178711e-01
7.200433015823364258e-01
7.189612984657287598e-01
7.176088690757751465e-01
7.162564396858215332e-01
7.149039506912231445e-01
7.140924930572509766e-01
7.132810354232788086e-01
7.124695777893066406e-01
7.111171483993530273e-01
7.103056311607360840e-01
7.086827158927917480e-01
7.076007723808288574e-01
7.062482833862304688e-01
7.054368257522583008e-01
7.038139104843139648e-01
7.027319669723510742e-01
7.016499638557434082e-01
7.005680203437805176e-01
6.994860768318176270e-01
6.989451050758361816e-01
6.975926160812377930e-01
6.965106725692749023e-01
6.951582431793212891e-01
6.940762996673583984e-01
6.929942965507507324e-01
6.919123530387878418e-01
6.911008954048156738e-01
6.900189518928527832e-01
6.886664628982543945e-01
6.875845193862915039e-01
6.867730617523193359e-01
6.856911182403564453e-01
6.843386292457580566e-01
6.832566857337951660e-01
6.824452280998229980e-01
6.816337704658508301e-01
6.800107955932617188e-01
6.789288520812988281e-01
6.778469085693359375e-01
6.767649650573730469e-01
6.756829619407653809e-01
6.748715043067932129e-01
6.729781031608581543e-01
6.718961596488952637e-01
6.713551282882690430e-01
6.700026988983154297e-01
6.691912412643432617e-01
6.678388118743896484e-01
6.670272946357727051e-01
6.659453511238098145e-01
6.651338934898376465e-01
6.637814640998840332e-01
6.626994609832763672e-01
6.616175174713134766e-01
6.602650880813598633e-01
6.591831445693969727e-01
6.570191979408264160e-01
6.559372544288635254e-01
6.543142795562744141e-01
6.532323360443115234e-01
6.524208784103393555e-01
6.510684490203857422e-01
6.499864459037780762e-01
6.489045023918151855e-01
6.483635306358337402e-01
6.470111012458801270e-01
6.459291577339172363e-01
6.445766687393188477e-01
6.432242393493652344e-01
6.418718099594116211e-01
6.413308382034301758e-01
6.402488350868225098e-01
6.391668915748596191e-01
6.380849480628967285e-01
6.372734904289245605e-01
6.361914873123168945e-01
6.353800296783447266e-01
6.340276002883911133e-01
6.329456567764282227e-01
6.318636536598205566e-01
6.307817101478576660e-01
6.288883090019226074e-01
6.280767917633056641e-01
6.267243623733520508e-01
6.251014471054077148e-01
6.242899894714355469e-01
6.229375004768371582e-01
6.218555569648742676e-01
6.205031275749206543e-01
6.194211244583129883e-01
6.183391809463500977e-01
6.167162656784057617e-01
6.156343221664428711e-01
6.148228049278259277e-01
6.140113472938537598e-01
6.129294037818908691e-01
6.115769743919372559e-01
6.107654571533203125e-01
6.096835136413574219e-01
6.086015701293945312e-01
6.072491407394409180e-01
6.067081689834594727e-01
6.058966517448425293e-01
6.050851941108703613e-01
6.037327647209167480e-01
6.029213070869445801e-01
6.018393039703369141e-01
6.007573604583740234e-01
5.996754169464111328e-01
5.988639593124389648e-01
5.977819561958312988e-01
5.967000126838684082e-01
5.953475832939147949e-01
5.942656397819519043e-01
5.937246680259704590e-01
5.926426649093627930e-01
5.907492637634277344e-01
5.896673202514648438e-01
5.885853171348571777e-01
5.875033736228942871e-01
5.861509442329406738e-01
5.853394865989685059e-01
5.839869976043701172e-01
5.829050540924072266e-01
5.820935964584350586e-01
5.812821388244628906e-01
5.799296498298645020e-01
5.788477063179016113e-01
5.777657628059387207e-01
5.764133334159851074e-01
5.756018161773681641e-01
5.745198726654052734e-01
5.737084150314331055e-01
5.726264715194702148e-01
5.715444684028625488e-01
5.704625248908996582e-01
5.693805813789367676e-01
5.680281519889831543e-01
5.669461488723754883e-01
5.658642053604125977e-01
5.647822618484497070e-01
5.631593465805053711e-01
5.623478293418884277e-01
5.609953999519348145e-01
5.601839423179626465e-01
5.588315129280090332e-01
5.572085380554199219e-01
5.558561086654663086e-01
5.545036792755126953e-01
5.531511902809143066e-01
5.517987608909606934e-01
5.501758456230163574e-01
5.490938425064086914e-01
5.477414131164550781e-01
5.466594696044921875e-01
5.453069806098937988e-01
5.442250370979309082e-01
5.428726077079772949e-01
5.417906641960144043e-01
5.404381752014160156e-01
5.393562316894531250e-01
5.382742881774902344e-01
5.371923446655273438e-01
5.358398556709289551e-01
5.347579121589660645e-01
5.334054827690124512e-01
5.323234796524047852e-01
5.309710502624511719e-01
5.298891067504882812e-01
5.288071632385253906e-01
5.274546742439270020e-01
5.266432166099548340e-01
5.255612730979919434e-01
5.247498154640197754e-01
5.233973264694213867e-01
5.223153829574584961e-01
5.209629535675048828e-01
5.198810100555419922e-01
5.185285210609436035e-01
5.174465775489807129e-01
5.158236622810363770e-01
5.147416591644287109e-01
5.133892297744750977e-01
5.123072862625122070e-01
5.109548568725585938e-01
5.098728537559509277e-01
5.087909102439880371e-01
5.077089667320251465e-01
5.066270232200622559e-01
5.055450201034545898e-01
5.041925907135009766e-01
5.031106472015380859e-01
5.017581582069396973e-01
5.006762146949768066e-01
4.993237853050231934e-01
4.982418119907379150e-01
4.968893826007843018e-01
4.958074092864990234e-01
4.947254657745361328e-01
4.936434924602508545e-01
4.917500615119934082e-01
4.906681180000305176e-01
4.893156588077545166e-01
4.874222278594970703e-01
4.860697984695434570e-01
4.849878251552581787e-01
4.836353659629821777e-01
4.828239083290100098e-01
4.806599915027618408e-01
4.793075323104858398e-01
4.782255887985229492e-01
4.771436154842376709e-01
4.760616719722747803e-01
4.749796986579895020e-01
4.741682410240173340e-01
4.728157818317413330e-01
4.717338383197784424e-01
4.703813791275024414e-01
4.692994356155395508e-01
4.679469764232635498e-01
4.668650329113006592e-01
4.657830595970153809e-01
4.647011160850524902e-01
4.633486568927764893e-01
4.622667133808135986e-01
4.609142541885375977e-01
4.598323106765747070e-01
4.584798514842987061e-01
4.573978781700134277e-01
4.560454487800598145e-01
4.549634754657745361e-01
4.536110460758209229e-01
4.525290727615356445e-01
4.511766433715820312e-01
4.500946700572967529e-01
4.487422108650207520e-01
4.476602673530578613e-01
4.463078081607818604e-01
4.449553787708282471e-01
4.433324337005615234e-01
4.422504603862762451e-01
4.408980309963226318e-01
4.395455718040466309e-01
4.381931424140930176e-01
4.371111690998077393e-01
4.354882240295410156e-01
4.344062805175781250e-01
4.330538213253021240e-01
4.319718778133392334e-01
4.300784468650817871e-01
4.289964735507965088e-01
4.276440441608428955e-01
4.262915849685668945e-01
4.252096414566040039e-01
4.238571822643280029e-01
4.230457246303558350e-01
4.211522936820983887e-01
4.203408062458038330e-01
4.189883768558502197e-01
4.181768894195556641e-01
4.168244600296020508e-01
4.157424867153167725e-01
4.143900573253631592e-01
4.127671122550964355e-01
4.114146530628204346e-01
4.103327095508575439e-01
4.089802503585815430e-01
4.078983068466186523e-01
4.060048758983612061e-01
4.049229025840759277e-01
4.035704731941223145e-01
4.024884998798370361e-01
4.011360704898834229e-01
4.000540971755981445e-01
3.987016379833221436e-01
3.978901803493499756e-01
3.965377211570739746e-01
3.954557776451110840e-01
3.941033184528350830e-01
3.930213749408721924e-01
3.916689157485961914e-01
3.905869722366333008e-01
3.892345130443572998e-01
3.881525695323944092e-01
3.868001103401184082e-01
3.857181370258331299e-01
3.840952217578887939e-01
3.830132484436035156e-01
3.819313049316406250e-01
3.808493316173553467e-01
3.794969022274017334e-01
3.784149289131164551e-01
3.770624697208404541e-01
3.754395544528961182e-01
3.743575811386108398e-01
3.732756376266479492e-01
3.721936643123626709e-01
3.708412349224090576e-01
3.697592616081237793e-01
3.684068024158477783e-01
3.673248589038848877e-01
3.659723997116088867e-01
3.648904561996459961e-01
3.638084828853607178e-01
3.627265393733978271e-01
3.613740801811218262e-01
3.602921366691589355e-01
3.589396774768829346e-01
3.578577339649200439e-01
3.565052747726440430e-01
3.554233014583587646e-01
3.540708720684051514e-01
3.529888987541198730e-01
3.513659834861755371e-01
3.502840101718902588e-01
3.489315807819366455e-01
3.478496074676513672e-01
3.464971482753753662e-01
3.454152047634124756e-01
3.440627455711364746e-01
3.429808020591735840e-01
3.416283428668975830e-01
3.405463993549346924e-01
3.391939401626586914e-01
3.381119966506958008e-01
3.367595374584197998e-01
3.356775641441345215e-01
3.345956206321716309e-01
3.335136473178863525e-01
3.321612179279327393e-01
3.310792446136474609e-01
3.297268152236938477e-01
3.281038701534271240e-01
3.267514109611511230e-01
3.253989815711975098e-01
3.243170082569122314e-01
3.232350647449493408e-01
3.221530914306640625e-01
3.208006620407104492e-01
3.197186887264251709e-01
3.183662295341491699e-01
3.172842860221862793e-01
3.159318268299102783e-01
3.148498833179473877e-01
3.134974241256713867e-01
3.124154806137084961e-01
3.110630214214324951e-01
3.099810779094696045e-01
3.086286187171936035e-01
3.075466454029083252e-01
3.061942160129547119e-01
3.053827285766601562e-01
3.040302991867065430e-01
3.032188117504119873e-01
3.018663823604583740e-01
3.007844090461730957e-01
2.991614937782287598e-01
2.983500063419342041e-01
2.969975769519805908e-01
2.959156036376953125e-01
2.945631444454193115e-01
2.932107150554656982e-01
2.918582558631896973e-01
2.899648249149322510e-01
2.886123955249786377e-01
2.875304222106933594e-01
2.861779928207397461e-01
2.850960195064544678e-01
2.837435901165008545e-01
2.826616168022155762e-01
2.804976999759674072e-01
2.796862423419952393e-01
2.783337831497192383e-01
2.772518396377563477e-01
2.758993804454803467e-01
2.748174071311950684e-01
2.734649777412414551e-01
2.721125185489654541e-01
2.710305750370025635e-01
2.696781158447265625e-01
2.685961723327636719e-01
2.672437131404876709e-01
2.661617398262023926e-01
2.648093104362487793e-01
2.618339061737060547e-01
2.604814767837524414e-01
2.596699893474578857e-01
2.583175599575042725e-01
2.572355866432189941e-01
2.558831572532653809e-01
2.548011839389801025e-01
2.534487545490264893e-01
2.523667812347412109e-01
2.510143220424652100e-01
2.499323785305023193e-01
2.469569891691207886e-01
2.458750307559967041e-01
2.445225864648818970e-01
2.434406280517578125e-01
2.420881837606430054e-01
2.410062253475189209e-01
2.396537661552429199e-01
2.385718077421188354e-01
2.372193634510040283e-01
2.361374050378799438e-01
2.347849607467651367e-01
2.337030023336410522e-01
2.323505580425262451e-01
2.312685996294021606e-01
2.299161553382873535e-01
2.285636961460113525e-01
2.272112518548965454e-01
2.261292934417724609e-01
2.247768491506576538e-01
2.236948907375335693e-01
2.223424464464187622e-01
2.212604880332946777e-01
2.199080288410186768e-01
2.188260704278945923e-01
2.177441120147705078e-01
2.163916677236557007e-01
2.153097093105316162e-01
2.142277508974075317e-01
2.123343199491500854e-01
2.109818756580352783e-01
2.098999172449111938e-01
2.085474729537963867e-01
2.074655145406723022e-01
2.061130702495574951e-01
2.050311118364334106e-01
2.036786526441574097e-01
2.025966942310333252e-01
2.012442499399185181e-01
2.001622915267944336e-01
1.988098472356796265e-01
1.974574029445648193e-01
1.958344578742980957e-01
1.947524994611740112e-01
1.934000551700592041e-01
1.923180967569351196e-01
1.909656524658203125e-01
1.898836940526962280e-01
1.885312348604202271e-01
1.874492764472961426e-01
1.860968321561813354e-01
1.850148737430572510e-01
1.836624294519424438e-01
1.825804710388183594e-01
1.812280267477035522e-01
1.801460683345794678e-01
1.787936091423034668e-01
1.777116507291793823e-01
1.763592064380645752e-01
1.752772480249404907e-01
1.739248037338256836e-01
1.728428453207015991e-01
1.712199151515960693e-01
1.701379567384719849e-01
1.687854975461959839e-01
1.658101230859756470e-01
1.647281646728515625e-01
1.633757054805755615e-01
1.622937470674514771e-01
1.609413027763366699e-01
1.598593443632125854e-01
1.585069000720977783e-01
1.574249416589736938e-01
1.560724973678588867e-01
1.549905389547348022e-01
1.536380797624588013e-01
1.525561213493347168e-01
1.512036770582199097e-01
1.479578018188476562e-01
1.466053575277328491e-01
1.455233991146087646e-01
1.444414407014846802e-01
1.433594822883605957e-01
1.420070379972457886e-01
1.409250795841217041e-01
1.395726203918457031e-01
1.384906619787216187e-01
1.371382176876068115e-01
1.360562592744827271e-01
1.347038149833679199e-01
1.336218565702438354e-01
1.322694122791290283e-01
1.311874538660049438e-01
1.298349946737289429e-01
1.287530362606048584e-01
1.274005919694900513e-01
1.263186335563659668e-01
1.249661892652511597e-01
1.238842308521270752e-01
1.225317791104316711e-01
1.214498206973075867e-01
1.200973764061927795e-01
1.190154179930686951e-01
1.176629662513732910e-01
1.165810152888298035e-01
1.152285635471343994e-01
1.141466051340103149e-01
1.130646467208862305e-01
1.117122024297714233e-01
1.106302440166473389e-01
1.092777922749519348e-01
1.081958338618278503e-01
1.068433895707130432e-01
1.057614311575889587e-01
1.041384935379028320e-01
1.030565351247787476e-01
1.017040833830833435e-01
1.006221249699592590e-01
9.926968067884445190e-02
9.656478464603424072e-02
9.521233290433883667e-02
9.413037449121475220e-02
9.277793020009994507e-02
9.169597178697586060e-02
9.034352004528045654e-02
8.926156163215637207e-02
8.790911734104156494e-02
8.682715892791748047e-02
8.547470718622207642e-02
8.439274877309799194e-02
8.087638765573501587e-02
7.979442924261093140e-02
7.844197750091552734e-02
7.736001908779144287e-02
7.600757479667663574e-02
7.492561638355255127e-02
7.357316464185714722e-02
7.249120622873306274e-02
6.843386590480804443e-02
6.735190749168395996e-02
6.599945574998855591e-02
6.491749733686447144e-02
6.356505304574966431e-02
6.248309463262557983e-02
6.113064661622047424e-02
6.004868820309638977e-02
5.896672978997230530e-02
5.788477137684822083e-02
5.653232336044311523e-02
5.517987534403800964e-02
5.409791693091392517e-02
5.274546891450881958e-02
5.166351050138473511e-02
4.490127041935920715e-02
4.381931200623512268e-02
4.246686398983001709e-02
4.138490557670593262e-02
4.003245756030082703e-02
3.895049914717674255e-02
3.759805113077163696e-02
3.651609271764755249e-02
3.516364470124244690e-02
3.408168628811836243e-02
3.272923827171325684e-02
3.164727985858917236e-02
3.029483370482921600e-02
2.921287529170513153e-02
2.786042727530002594e-02
2.677846886217594147e-02
2.542602084577083588e-02
2.434406243264675140e-02
2.299161441624164581e-02
2.190965600311756134e-02
2.055720798671245575e-02
1.947524957358837128e-02
1.812280155718326569e-02
1.704084314405918121e-02
1.568839512765407562e-02
1.460643764585256577e-02
1.352447923272848129e-02
1.244252081960439682e-02
1.109007280319929123e-02
1.000811439007520676e-02
8.655666373670101166e-03
7.573708426207304001e-03
6.221260409802198410e-03
5.139301996678113937e-03
3.786854213103652000e-03
2.704895799979567528e-03
1.352447899989783764e-03
